1.405042322101038410e+00 9.264723298103236804e-01
1.547769669416616090e+00 -6.654625329451245852e-01
-9.990015535847149852e-01 1.131223435059066418e+00
6.161989823648682529e-01 1.225258534289448420e+00
1.232358421383992431e+00 1.053163904103538623e-05
1.328181369991354499e+00 5.299955172364589906e-01
3.183229827663223710e-01 1.409587891507351864e+00
-1.066540785737475572e+00 6.069802098288331615e-01
-9.873110017428233798e-01 -7.323140872963131986e-01
1.786739071540231372e+00 -2.139722952515235033e-01
1.229247403039999798e+00 -1.010728998098696430e+00
6.522512026119847706e-02 1.339118585704364595e+00
-1.116601106486005301e+00 -9.421417189285399285e-01
1.572034415222247405e+00 -8.445056907679663327e-01
1.396202536638781355e+00 1.036036323724007779e+00
1.037787980575148428e+00 -1.354721439145567530e+00
-1.140115305192649364e+00 8.721428317199889646e-01
2.958499257324596621e-01 -1.466264566624174259e+00
-7.074287222519954899e-01 1.441812859551128145e+00
-8.703445606469235596e-01 -8.782864917423106599e-01
-1.531868100184003989e+00 -6.757120876491193306e-02
1.079909954594817645e+00 8.313914547233888230e-01
1.063445767733568054e-01 -1.724514873181152153e+00
5.479796927861863010e-01 -1.110707659039437578e+00
-1.598331070382912555e+00 1.715305125229606154e-01
-1.313038798953941377e+00 1.114179517165390321e+00
1.264317409634043932e+00 -4.329465327326781909e-01
-1.223094546121888060e+00 1.233751641868161109e+00
1.253415200382438810e+00 -1.182697250273493150e+00
-1.056034069399540476e+00 5.929420521084995954e-01
-1.137934006307449453e+00 1.159352321886338633e+00
-7.736355784844634043e-01 9.182679642646245366e-01
1.396550103089756467e+00 5.529077874399268566e-01
-2.497187749545392299e-01 1.440515605528875476e+00
1.699676455169081835e-01 1.310979519680728123e+00
1.289301576741219479e+00 5.325696502960360901e-01
-1.626625612493387329e+00 -4.347794050473777205e-01
-1.299221869539206820e+00 4.937252597119895503e-01
1.273410609029794749e+00 2.025770985972884797e-01
9.023247272169009348e-01 1.344365349499143436e+00
1.281614753020697162e+00 -7.181895165291232175e-01
1.121581183221967537e+00 1.249927225124998875e+00
-9.384345536298660528e-01 9.583594146627553156e-01
1.325830727853052782e+00 -4.236474765043031776e-01
1.271541367234353181e+00 1.097879629633234488e+00
-1.269203264841797685e+00 8.073807699398399818e-01
4.747072108667423351e-01 -1.426941044008995130e+00
1.332082970474078421e+00 1.604931915282525046e-01
1.100617962262762539e+00 4.996482904096732347e-01
1.592099331703151543e+00 -7.500590640594327896e-01
-5.025682671526651157e-01 -1.146152721030599508e+00
-1.182882469634885247e-01 1.702852592768304252e+00
-1.409791615997043834e+00 1.759457564119633888e-01
1.170475571957356638e-02 1.770575100776584643e+00
1.123203258564652529e+00 -9.005672717097008562e-01
1.674975002075328456e+00 -5.464685317038140422e-01
1.383487284456033972e+00 6.619561473762217707e-01
-1.328721271754350397e+00 -2.026179806117128224e-01
6.623604382193332141e-01 1.505596243395021849e+00
-1.323650617790631534e+00 9.070825579712333830e-01
-8.905868906794596473e-02 -1.608058858963455906e+00
-3.376188332614106780e-01 -1.439224963398592738e+00
4.922007126335677940e-01 1.238944072768230820e+00
-7.831618827550155260e-01 1.377498023417477402e+00
-1.127421353828149453e+00 5.720651213243583832e-01
-1.220266388773638688e+00 1.058419491422519121e+00
-6.539410065024886531e-01 -1.439672202492034314e+00
3.403015076514143145e-01 -1.384704707231561027e+00
-8.586423363050693647e-01 1.442968186909337147e+00
-1.227640387350143358e+00 4.752349771631375064e-01
1.307929218661508797e+00 5.886144184874246843e-01
-1.124410783634054001e+00 1.246569950222066181e+00
1.349696054994983685e+00 -4.672464399192214346e-01
-1.627802281205081414e+00 -2.227776262283179959e-02
-1.467393380250580748e+00 -5.512226477076591635e-01
-1.386686679918537335e+00 -1.091290647276224490e+00
-1.637460384921038958e+00 -7.353707474787729570e-01
5.483147095963002426e-01 -1.539473748296416256e+00
-1.013446184041724568e-01 1.682256384740261179e+00
-5.247573185415738140e-01 1.180325280367790830e+00
1.233231522110834089e+00 -1.062383405600095587e+00
-1.708574467860576318e+00 7.400960447200301794e-04
1.395105693286051718e+00 -3.597203608041149581e-01
9.843246062281230113e-01 1.173872201403504123e+00
3.077107544031962294e-01 -1.455521733136329487e+00
-1.749661427456544516e+00 2.995227734143109388e-01
-1.371641740661380338e+00 2.274170339462847357e-01
1.057268730555871450e+00 -9.794827503474243802e-01
8.182804669031094047e-01 8.784884053695866113e-01
-1.446132159997699729e+00 -1.316332835144550517e-01
4.202758170654324020e-03 1.578856070026701364e+00
-9.698561946067426609e-01 1.469835959065866726e+00
7.201019150605069141e-01 -1.599591119611516454e+00
-1.120159123387748146e+00 8.337890102297393913e-01
3.847361939208198689e-01 -1.751560031530320138e+00
1.307893197592481460e+00 1.111178454531573795e-01
1.693936559583272050e+00 -7.045335422600219367e-03
1.243564288074303859e+00 -3.590327554518264463e-01
-6.266975392385814025e-01 -1.299873080385292923e+00
4.080439203031486217e-01 1.175263853789170199e+00
-9.474968479437813063e-01 -1.429289639906572873e+00
6.225720992792252995e-01 1.578974176701074539e+00
-8.987429281213932253e-01 9.168383261669631468e-01
1.479794039881926260e+00 3.305537343887652302e-01
1.225097890177295090e+00 5.786607354205831610e-01
8.189646484129594617e-01 1.250806745569997158e+00
6.360595208091718300e-01 1.393634892345021914e+00
6.667224878355115791e-01 -1.073575084663213053e+00
6.421481435747546096e-02 1.717425255885614899e+00
6.239558978741913675e-01 -1.216537515527162050e+00
1.467162951675730964e+00 5.710859469209915440e-02
1.153637490873904214e+00 4.390366679493512558e-01
1.114766631874421599e+00 4.486102614789150289e-01
1.197465877412792423e+00 -5.484674917667030636e-01
5.763095690315251929e-01 -1.281369049529579085e+00
1.748457284652560118e+00 1.717046243484393053e-01
1.575907690868001643e+00 -7.229838166733180138e-01
2.185424742140013588e-01 1.472167752891682557e+00
-1.343080626191527627e-01 1.466719407524636809e+00
-1.380484235274644256e+00 -8.092527162176077482e-01
4.811315602122947510e-01 1.646391531504414862e+00
1.385014870917317564e+00 -2.199983506173590342e-01
-1.118385795092220913e+00 1.248533234120685842e+00
-1.298290922568918759e+00 -6.215231475557091434e-01
-1.397738248802105954e+00 -6.846965634050515837e-01
-3.245645501397714794e-01 1.610092862621455678e+00
-1.451121750178301639e-01 -1.493782476712657292e+00
1.612565011829688366e+00 -7.831227842043508858e-02
-1.334704269308233826e+00 -9.152838474766263888e-01
1.040613099298515420e+00 6.044521483144686957e-01
4.364500980533631003e-01 -1.142941416485317552e+00
-6.438287766912182963e-01 -1.117182234190712276e+00
-1.325463050344954485e+00 8.492752827777642899e-02
-7.478086481674287578e-01 -1.090081594879621418e+00
-8.761669475523227446e-02 1.226253195174276334e+00
-4.413364264345031596e-01 1.254986718462764772e+00
-1.553345033578692247e+00 -1.499766824440688096e-01
1.574093081532565996e+00 7.216825563531357179e-01
-1.199716918036621172e+00 -7.402295912712479886e-01
5.851993409327549411e-01 1.293636553826168489e+00
-3.527728616149736901e-02 1.449615856281093906e+00
1.300694967424336657e+00 -9.457886382995156493e-01
-1.422748668677235706e+00 -8.766849957448770159e-01
6.779531486776574356e-02 1.763272013719592080e+00
-4.487844787455874118e-01 -1.352928209103596124e+00
1.623698449274509681e+00 -3.448071439964974644e-02
1.124014504873152687e+00 -8.429480019758854858e-01
5.115937043867951894e-01 -1.615322537073472731e+00
-6.635749876100183187e-01 1.162305582559433947e+00
-1.493032769504642587e+00 -8.592044304321273529e-01
-1.293809680824797859e+00 -7.650198352226061926e-01
1.388986360716969015e+00 8.629118857016713218e-01
-5.359385132672327412e-01 -1.423445875518978276e+00
-1.377463514370080189e+00 -1.838063770417602827e-01
-1.482380748176078233e+00 -2.056755325092658737e-01
-9.829097373115805447e-02 -1.226337542472017095e+00
1.083636657586682484e+00 5.729801895583775950e-01
3.535485371747680849e-01 1.476231901742059094e+00
1.481924033282422393e+00 -1.140297235072406934e-01
-5.227336911723017288e-01 1.617513414892655099e+00
-4.008500048494690465e-02 1.211410555361313257e+00
1.380572929979673846e+00 6.690098061429190501e-01
-5.714024652987768071e-01 1.380824959743682356e+00
-1.447516940650441564e+00 -5.784002006826189923e-01
1.588543945872357144e+00 3.984268308466218933e-01
-3.677526480847368440e-01 1.469527625073180577e+00
-6.148901929001564237e-02 1.536593137870097658e+00
8.482085019837098949e-01 1.231169209380308827e+00
4.082958014244782996e-01 -1.515072701725340032e+00
1.311120275796359147e+00 -3.169084622059728518e-01
1.320905548513413574e+00 -7.751833631854250228e-01
-1.493815685790911285e+00 5.826741520641171013e-01
1.202123490804003714e+00 5.322125436006884813e-01
-1.045341490376642257e+00 1.458248081790102235e+00
-1.628309337658313094e+00 -2.531856683749129644e-01
-1.294520689993986506e+00 1.211796198182987450e+00
-1.625855756593201917e-01 -1.366731251558667370e+00
-6.326765885803367628e-02 -1.464729968633023738e+00
1.080780309348471580e+00 -8.203605815550154556e-01
-1.205025721239997294e+00 2.365032257415739247e-01
8.776185209064378545e-02 1.206819218658592208e+00
1.143388905313107440e+00 -7.140708098214415545e-01
1.282792341433862449e+00 -1.140920763683421324e+00
9.075728738642784288e-01 9.282658832723315045e-01
3.874067291830364246e-01 1.566582627729832478e+00
-7.226650345608905956e-01 -1.139848256479442101e+00
5.331816116564755959e-01 -1.118796318168318926e+00
1.274532283404248290e+00 -3.257092200925240655e-01
1.592608235405674755e+00 2.127515643323438510e-01
5.596940027312882204e-01 1.392740025777286839e+00
-1.353923132847149935e+00 7.113462446780449699e-01
-1.397406263910164315e+00 -4.623214521635281571e-01
2.424578924356352305e-01 -1.342896581081835183e+00
-1.399214122646152747e+00 -5.208404872569476485e-01
-1.741463913380772777e+00 -2.048226805774477077e-01
8.903814731246435799e-02 1.317892627999648347e+00
-9.626469912408447405e-01 -1.327302384114488643e+00
-1.173799853455209874e+00 -6.682248452714633080e-01
1.240079096692465299e+00 -4.406704656840771950e-01
5.152764101897732152e-01 1.295601354553635343e+00
