1.978089992763335969e+00 2.022461869525563616e-01
1.962865262785802090e+00 1.311950505023034008e-01
1.953724006618041020e+00 2.824614287352005260e-01
2.025579536259474178e+00 4.663405206583842721e-01
1.888485471297342677e+00 4.241787902069672489e-01
1.888905621529983758e+00 5.183784008955295564e-01
1.958681289967524330e+00 7.957862090191993865e-01
1.949582454754844152e+00 9.023452408282711668e-01
2.028863089512740636e+00 9.181446207452322872e-01
1.639603445126767367e+00 1.062537250663358357e+00
1.589123576600608656e+00 1.303364080166021344e+00
1.520485194879354296e+00 1.221324248247315669e+00
1.485000834693367633e+00 1.312714395299808157e+00
1.323810337696815775e+00 1.388224998865497106e+00
1.279077849921707699e+00 1.577113564135596890e+00
1.100999933865754121e+00 1.674655901193635055e+00
1.143046622229308085e+00 1.613453853898852541e+00
9.658693187026551330e-01 1.878791385487009302e+00
7.536077879925029421e-01 1.939366902112552582e+00
5.776494183312554931e-01 1.704502258412706972e+00
4.118861097091262025e-01 1.934531229850876111e+00
4.692520869062541955e-01 1.893232609326443328e+00
4.612783650751998699e-01 1.792629559708289522e+00
2.665063678854217577e-01 1.762538739596672954e+00
5.610649211790239010e-02 2.087046107033106335e+00
-4.314637128845506125e-02 1.926095433815193436e+00
-3.442407860553178267e-01 2.031909644729018360e+00
-4.473999818474034829e-01 2.064536350686509980e+00
-4.873892320158885738e-01 1.984070271978487510e+00
-5.938221062753397117e-01 1.977894450587749819e+00
-6.605055686854093278e-01 1.945843466288906809e+00
-7.951452239483178808e-01 1.648688631932428983e+00
-9.696559816278828015e-01 1.755797766045194885e+00
-1.003604812489635956e+00 1.792178177589346610e+00
-1.055802364550483041e+00 1.663640687482085045e+00
-1.269192039674977845e+00 1.488122391235352282e+00
-1.191554205803771138e+00 1.535144061419372541e+00
-1.314785061525057586e+00 1.394392256218321302e+00
-1.574092922423770080e+00 1.432740134834749934e+00
-1.651987401546216150e+00 1.427628456976413052e+00
-1.502709142703250844e+00 1.085944561148751486e+00
-1.688223725477394410e+00 9.254376037153322354e-01
-1.862049436260829971e+00 8.039382389428245679e-01
-1.757587967737488599e+00 9.738274451446828905e-01
-1.786517121717715373e+00 7.318485270887918892e-01
-1.741055436484295171e+00 4.071980779358189695e-01
-1.898661432317658271e+00 4.956973467814181911e-01
-2.101099166927111739e+00 3.433448109650508728e-01
-2.037778682558362586e+00 1.691011367380038655e-01
-1.973500588624579999e+00 1.648385067455339914e-01
-2.056115651351376084e+00 -1.004485092216219067e-01
-1.935357496296431501e+00 -9.827570293028775605e-02
-1.809831105900245207e+00 -2.363891303214724626e-01
-2.047767821445815706e+00 -6.034490869205133556e-01
-2.018436303981620661e+00 -6.212273933167199447e-01
-1.979783450861742677e+00 -7.097223866513218127e-01
-1.673089537513809066e+00 -6.474358011241437838e-01
-1.792328247758862236e+00 -9.540126854785304644e-01
-1.697149624460692952e+00 -1.054529379320813920e+00
-1.695033960324682232e+00 -1.182735520235472126e+00
-1.583117581981983157e+00 -1.261270268018858332e+00
-1.427597704390402455e+00 -1.144516496086861457e+00
-1.466497012780295206e+00 -1.335183401547051840e+00
-1.265816151590079652e+00 -1.461727058398412771e+00
-9.645360114955889852e-01 -1.670081825742547155e+00
-1.264682248384841667e+00 -1.617762788440517019e+00
-1.069460913083221332e+00 -1.732394544419167737e+00
-6.651446138601730951e-01 -1.739954676198906425e+00
-7.335577172825966663e-01 -1.866244354384684501e+00
-7.238592010516052833e-01 -1.885673313463356093e+00
-5.443432391930526082e-01 -1.914105333260055053e+00
-3.808801992214535526e-01 -1.941929165504668875e+00
-1.029771588643395297e-01 -1.960581780103340277e+00
-2.975184814767452002e-01 -2.045292671232997073e+00
7.865889456329430707e-02 -1.966263464904167257e+00
1.974932423994689434e-02 -1.999173370413951822e+00
7.264597285250223857e-02 -2.116866985782106081e+00
4.323558274784770616e-01 -1.999412621839940174e+00
4.845405874390761314e-01 -2.022006141983315963e+00
6.862881193282859282e-01 -2.002262839592817478e+00
7.665128773135770901e-01 -1.822084745040690956e+00
6.741945753736962033e-01 -2.010663200507201598e+00
1.091521729566569787e+00 -1.809430191952338562e+00
9.766291672377097610e-01 -1.737567496917557852e+00
1.156803348166096868e+00 -1.653469507430450403e+00
1.236297173120683324e+00 -1.757536975231015042e+00
1.246348856408711736e+00 -1.495366843295063974e+00
1.338079745787316144e+00 -1.667837732088329084e+00
1.823753023237656867e+00 -1.320010207645648137e+00
1.514890903130450495e+00 -1.213148353080381714e+00
1.757515306557104751e+00 -1.114743459763980038e+00
1.833618696729677700e+00 -9.610348307566296544e-01
1.814561206898966272e+00 -7.725423789290931653e-01
1.784494138953991005e+00 -8.076907599452551878e-01
1.898442299814398826e+00 -5.801278054692903252e-01
1.991492291769601408e+00 -5.559109966201386532e-01
1.993861440617914704e+00 -3.073289005647423799e-01
1.885846390010105011e+00 -1.034485739110275471e-01
1.820998381041569747e+00 -2.087141508911158072e-01
1.944790447685440737e+00 -4.085183048352158258e-02
2.081733437527485131e-01 -8.782231339277245252e-02
2.023811654043952690e-01 -4.541700376148178481e-02
2.165701756997675809e-01 2.177064232771805941e-01
3.588549635490847489e-01 -1.385225688434675029e-01
2.112093699498032717e-01 2.332758468429688703e-01
2.441261160508446382e-01 7.835676951045821015e-02
2.810220629043945761e-01 3.302653336464828060e-02
2.774443654773339207e-01 -5.669492159997180369e-03
3.632159346416295453e-01 2.451095610595605268e-01
6.484184539742449127e-02 -2.860582309608873663e-02
2.676230043643322287e-01 3.155306860397967261e-01
1.263072530395120963e-01 2.497276747668994989e-01
2.091676566099739398e-01 -6.317537365204878297e-03
2.247839175007417256e-01 1.450456537716412753e-01
-1.395507615896618425e-02 1.710932151257293088e-01
2.419439501692296490e-01 2.215682721482857276e-01
-2.216318421563685803e-02 -1.067093745794980841e-02
1.949187835486584364e-01 1.733506216971044678e-01
1.210061733729507205e-01 3.473253257677918482e-01
1.593422882136373286e-01 1.904507675363793229e-01
1.329319097752812151e-01 2.692716789000818012e-01
2.370502359716459284e-01 1.979085097942447080e-01
1.177630364187369771e-01 3.085400451627898777e-01
3.640473258271717527e-02 4.034252157318038989e-01
-7.345770110296320765e-02 1.651471408974025668e-02
-2.051544091427344174e-01 1.090474467996153107e-01
-1.592947660654508990e-01 2.672994569788115227e-01
5.820694321033688390e-02 7.047056705160831269e-02
-7.422823431522955484e-02 2.583600159546890485e-01
2.008995942327973794e-01 3.419497715106069591e-01
5.043200587244664468e-02 2.317757307046016679e-01
-4.493222687716878078e-02 2.175130300410013096e-01
-1.836334065808173377e-02 1.920046985075497259e-01
1.021983139044349426e-01 1.139392381311408742e-01
1.388004486729613185e-02 3.315067271915727587e-01
-9.103251252998356691e-02 3.130937077566878779e-01
8.007583041419574776e-02 2.431290443506653187e-01
-7.626668047542507767e-02 1.302331635383051078e-01
-2.600746712960450568e-01 9.034553954561755362e-02
-1.238859435007851062e-01 -1.824759665358999250e-02
-6.890915748377605954e-02 1.823816352439932009e-01
-1.344256577168450595e-01 -2.688749604699416929e-02
-3.313879094363790800e-01 -2.192686259420924266e-02
-2.318232217075228419e-01 1.806835226730865163e-01
-3.448490549784613002e-01 7.363573328497990955e-02
-1.134010555149729815e-01 1.784481162417686506e-01
-1.064736036496579941e-01 3.811408684240019662e-02
-1.769621646932683090e-01 -1.034190728180470753e-01
-3.022789631995622672e-01 6.531933139395089405e-02
-3.823875936440476186e-01 -3.338184384137778127e-02
-1.282736056778253086e-01 1.027977959485188719e-01
-1.723922803542835003e-01 7.194504726788351900e-02
-2.101475986235864235e-01 8.457742334287997321e-03
-2.180716185689109410e-01 7.272028503195013260e-02
-9.485116989890038375e-02 -2.584563447205366626e-02
-1.415446452094830387e-01 -2.213147777678935446e-01
-2.510705233703904860e-01 -1.664583969114361017e-01
-8.687920157273387733e-02 2.978952432653141080e-02
-1.466098927459630885e-01 -1.582190979708152367e-01
-3.933299403983394615e-01 -2.763481138372064772e-01
-3.254356375315998195e-01 -1.499967432952496460e-01
-1.888101093848234546e-01 1.724197988730258313e-02
-1.655946188601571389e-01 -2.198798146491454664e-01
-1.356877986000292191e-01 -1.964845986191399441e-01
4.364225664297938234e-02 -8.722958927875533452e-02
-7.843090893481313719e-02 -7.841350718718041735e-02
-4.195455158878511059e-02 -3.265662526989102088e-02
-5.207669012713044693e-02 -9.017418056419708450e-02
-1.208197897125136699e-01 -8.134053993117355830e-02
-1.466472502171129455e-01 -1.909029314119631282e-01
9.333972487122715878e-02 -2.903147237762420674e-01
3.750435513388862552e-02 -2.917480953630210982e-01
-3.521903171058068938e-02 -1.384079124098805402e-01
-3.155025869726717919e-02 -1.151540932325632316e-01
-1.288374360835313204e-01 -2.230430987222480621e-01
3.312007588729422997e-02 -1.922139945122837423e-01
-1.487171321470658891e-01 -3.427610670370103696e-01
-2.155539855872669330e-02 -3.144154589683267886e-01
9.032193409874691992e-02 -3.117791586418440231e-01
-1.777141154192264649e-02 -3.858184601445135975e-01
8.104644306533709264e-03 -3.208000057539305838e-01
1.521780423142515548e-01 -3.858943773810665778e-01
-6.304545006973889809e-02 -2.932144696593689814e-01
-3.735104567733039949e-02 -1.415261970949147075e-01
5.387266436273951964e-02 -9.546785027396725853e-03
2.441030979194392381e-01 -2.272923387272987594e-02
2.109791552257156699e-01 -2.633839549320264872e-01
-4.611253312177496233e-02 -2.751986536679617013e-01
1.427030019564529961e-01 -8.709646692819483782e-02
7.923632270147069889e-02 -1.976182924487159820e-01
2.072658601786682153e-01 -6.338421507519280407e-02
3.312406953093897100e-01 -1.815709458726757486e-01
2.183251980359068867e-02 1.217096777460833779e-01
4.254144378050099262e-01 -1.935967571072132881e-02
1.857054141884811604e-01 -4.340327290237512570e-03
2.768667179678064860e-01 1.048149506755730737e-02
5.120574079342412599e-01 -3.872252047877827036e-02
2.676794105866049933e-01 1.296840244785689156e-01
2.254916351358528526e-01 1.386221267526175083e-01
6.852990295261332521e-02 5.436192210368738509e-02
8.755115073660082459e-01 -7.843249413245910462e-02
9.903675436258784215e-01 8.806895636178549425e-02
1.056067156652499728e+00 4.028332427142585215e-01
8.558107756348829476e-01 1.650220937657679854e-01
9.838749981289002244e-01 2.321255633358333403e-01
9.592209377056305497e-01 3.478385994984674046e-01
9.235331595585052344e-01 5.151200464456524575e-01
7.748675519069587736e-01 3.749438407496214487e-01
7.536619486024868086e-01 5.085228591414201471e-01
7.495665472043241406e-01 4.998192629084318162e-01
7.186615692818514312e-01 5.362350223527183601e-01
8.395958032447881081e-01 6.625367895650091654e-01
7.920525484629470370e-01 7.670031742333864866e-01
6.479046236472744136e-01 6.433798293899644083e-01
7.514832190015201530e-01 8.276542150213670457e-01
6.766876455200698803e-01 8.350870404971613148e-01
5.628161947928365105e-01 8.962476741441922634e-01
5.011491927527889079e-01 8.887413977005488297e-01
3.242116680125482486e-01 9.513969796261151357e-01
2.922035513137534735e-01 1.026580656549171966e+00
3.986700313139282525e-01 9.558158043791541436e-01
9.048282294354062505e-02 1.009007361057135510e+00
9.266834492984631078e-02 9.319570895140286693e-01
1.089305607136328014e-01 7.732715403896343043e-01
1.959619389779538867e-01 1.070163910885811864e+00
-5.106689328436839204e-02 1.011248716876463893e+00
-8.626203080681750512e-02 1.040502184794800833e+00
-3.405208800326304797e-01 9.484459964064395621e-01
-2.244645756848265838e-01 8.873426278543214973e-01
-2.865415572820205758e-01 9.534752627211030562e-01
-2.378167505880471322e-01 9.946863211242928937e-01
-4.567344974931683010e-01 9.781229960828090597e-01
-3.700174150893319469e-01 7.946217906476817916e-01
-3.538041645785349187e-01 9.177420086780558872e-01
-6.140357478048190654e-01 7.684508154579537953e-01
-5.857866375957984095e-01 5.518425644907758443e-01
-7.246622839050269604e-01 7.896620034486350193e-01
-6.040399024395921579e-01 6.993323892013846299e-01
-8.658745796990958699e-01 6.922784150447718332e-01
-7.489479104365508455e-01 5.792036913733005221e-01
-9.410674361905038143e-01 5.238308696567517408e-01
-7.052228637352764284e-01 6.956111191735504518e-01
-8.429613539891516183e-01 5.768554171447657364e-01
-8.648025460913062457e-01 5.074410363125891887e-01
-9.650468863592515101e-01 4.368461815215300970e-01
-1.038923423653949518e+00 9.266840868574882650e-02
-1.026039265633118314e+00 1.430038902201685447e-01
-8.799984502792680408e-01 2.151189517449674515e-01
-1.138228083941118074e+00 2.241842862583676155e-01
-9.768996300644136044e-01 -4.234564405841854950e-02
-8.631007919623872038e-01 1.690184523303137065e-02
-8.286796073525122264e-01 3.219749395454282737e-02
-1.006558182015474090e+00 -3.231433902282290771e-02
-9.909700420851025315e-01 -2.017518889147340011e-01
-8.978886438134114911e-01 -2.239048719644448349e-01
-8.012438762104208134e-01 -4.811241782949909895e-01
-6.940912354134217699e-01 -3.570225804763093036e-01
-9.644074885082266624e-01 -3.916869075383456744e-01
-1.004332171963885800e+00 -3.565777949133162594e-01
-6.384419684126398931e-01 -5.648525394725021354e-01
-9.665949521954551038e-01 -5.830006306477737432e-01
-7.040079154003792139e-01 -6.713518916748740795e-01
-7.122128380367438449e-01 -7.037018193730825155e-01
-7.543131750195035679e-01 -7.654329465391990217e-01
-6.569474060186095699e-01 -7.923811529704032353e-01
-5.021533523994111681e-01 -8.231621414469345588e-01
-5.740610730247028837e-01 -7.435631924129659787e-01
-3.258886637356068205e-01 -8.151454320715617596e-01
-4.423497840313141416e-01 -8.033472099320616566e-01
-2.731729961902680248e-01 -8.008261062105364037e-01
-3.752751163569706394e-01 -1.030827200507427044e+00
-1.850351256925308885e-02 -9.910619885038171040e-01
-1.720446885461231479e-01 -9.260161907513739799e-01
-3.361279240301075222e-02 -8.406970847955984594e-01
6.587298805516905720e-02 -1.005535011036871040e+00
-5.649460273994288961e-02 -1.019942002466025288e+00
1.535252665306811870e-01 -1.052787185145499960e+00
2.143979600963499266e-01 -1.015536732974426926e+00
3.017655366846928588e-01 -1.067005751364091370e+00
1.997965417660813592e-01 -8.687453414353685233e-01
3.016132489776068293e-01 -7.968162051258070866e-01
3.910041997340770736e-01 -8.884227383125599120e-01
6.635737530637418891e-01 -7.246115727627657765e-01
6.777775123074367691e-01 -9.529144062868435405e-01
5.247331005522918312e-01 -7.381100736177015342e-01
8.234130675193566118e-01 -7.767386447657885773e-01
5.878275492996418716e-01 -6.774936501848008996e-01
8.430968315117474132e-01 -7.043024907226465015e-01
7.582469106385426594e-01 -6.378805883609183214e-01
6.753451197417564833e-01 -3.819657736550761129e-01
9.752422843512342787e-01 -5.694103830281932455e-01
7.641417661647267323e-01 -6.367900096746423877e-01
1.034716200930420049e+00 -4.755493885841164947e-01
1.052206339380112654e+00 -3.200578077833274859e-01
1.049646719160792330e+00 -3.121372104866931285e-01
9.867456014533733111e-01 -2.784929377034550679e-01
8.614182911932605213e-01 -2.155483515175005971e-01
9.177324149479386683e-01 -2.744010372655103502e-02
1.098331523396802067e+00 5.553155088593705879e-03
9.726338211045025828e-01 -8.071530827170590727e-02
5.906085878907807896e+00 3.849292682247411168e+00
6.055683365310666311e+00 4.125279021952992231e+00
5.860763077762054074e+00 4.049975252106207790e+00
5.666220334503718981e+00 4.259644569023586236e+00
6.097450063544012089e+00 4.661825781607462638e+00
5.984740717595045112e+00 4.768722246499297768e+00
6.000830585877000800e+00 4.681593170775462553e+00
5.926681141336316294e+00 4.859573321232431908e+00
5.617613905622083514e+00 5.098685925815892084e+00
5.734181723291740695e+00 5.159670459856338098e+00
5.741931516725990114e+00 5.138128099291670026e+00
5.554209873726750679e+00 5.283551627696924768e+00
5.542527751765326194e+00 5.240086995077146703e+00
5.213488219893135600e+00 5.394479951443766907e+00
5.270396476359046289e+00 5.499700977167423233e+00
5.332439581775183512e+00 5.487529465673421036e+00
4.999174586439605328e+00 5.869428739837928788e+00
4.989708922852557293e+00 5.702710046476465955e+00
4.795104873850753791e+00 6.003539404788478251e+00
4.686007921695936496e+00 5.761794683309075182e+00
4.555140578350727054e+00 5.916714768195062035e+00
4.555597988156240064e+00 6.032807175940884115e+00
4.258648009787392219e+00 5.927679669384172456e+00
4.081282999703986114e+00 6.068041314382945473e+00
4.226872847710103187e+00 5.982100454906731812e+00
3.839922260763578343e+00 6.145672308471884726e+00
3.995160556549361974e+00 5.799490388670766272e+00
3.654182997263817345e+00 5.945808407515888128e+00
3.646892782634020058e+00 5.879819688494537289e+00
3.465412437009670388e+00 5.924518992418293273e+00
3.242096796019338978e+00 5.600045336748691760e+00
3.241522541899765297e+00 5.900640483410485082e+00
3.126385725411139127e+00 5.765321060512929030e+00
3.024537855211149484e+00 5.709529415564274402e+00
2.821068999842342606e+00 5.665233708595089901e+00
3.002081749504130759e+00 5.644590028175143992e+00
2.703718057627554572e+00 5.512670396263912309e+00
2.749224332610864963e+00 5.512120641085828332e+00
2.677929029070275746e+00 5.262033712783098949e+00
2.444128031772606846e+00 5.352985948199255439e+00
2.241589440560869839e+00 5.090658074246833920e+00
2.277387438022574262e+00 4.958903795620569710e+00
2.200547305027726885e+00 4.855052951595211219e+00
2.123408935698205102e+00 4.803233052636863398e+00
2.050844513465714503e+00 4.551882906762381609e+00
2.180155779862425813e+00 4.545929508533717467e+00
1.940788998123690767e+00 4.532605990639599902e+00
2.166757037832492738e+00 4.393297290703818803e+00
1.945649219508746475e+00 4.124428382816120120e+00
2.019772477806081046e+00 4.115512167329564264e+00
2.017575481976375595e+00 3.855635008995522028e+00
1.904982468072426327e+00 3.889373054574641220e+00
2.086774251899608412e+00 3.627266081922087437e+00
2.166168887910497887e+00 3.710553000499865917e+00
2.108781742618386801e+00 3.404582847062668449e+00
2.122149209842972617e+00 3.110212140212357923e+00
2.135223702288769676e+00 3.309779167793649890e+00
2.172617949234722623e+00 3.112974150218650760e+00
2.440738560303247429e+00 2.773708012265974965e+00
2.318741310708169134e+00 2.864088705252567202e+00
2.226584685750426118e+00 2.905620250157094464e+00
2.470125356460058264e+00 2.437150821689198388e+00
2.529101169928975601e+00 2.556647151600884627e+00
2.475889728359876862e+00 2.473527611942591076e+00
2.759828041183689962e+00 2.411458287507723508e+00
2.949334987270723740e+00 2.331341281327305115e+00
3.123786219575404033e+00 2.155080644005300528e+00
3.082851790904463485e+00 2.098678433444864044e+00
3.260975915482525078e+00 2.136244177372320419e+00
3.372581280007681315e+00 2.134435772869861303e+00
3.452201470150606077e+00 2.155219673125552848e+00
3.553265662312620421e+00 1.972310668224474206e+00
3.529796004107858209e+00 1.883006600980438039e+00
3.706739509355791551e+00 2.003850648764084585e+00
4.018281867852567579e+00 1.737436009632215006e+00
4.143325566439966856e+00 2.151444374975174600e+00
4.244451642657525170e+00 1.982438925250641804e+00
4.448791737533246859e+00 2.081549408366138998e+00
4.519430092587393588e+00 2.001100434939116823e+00
4.735594993622489035e+00 2.162369259792435550e+00
4.809825503747685360e+00 1.981949708741205907e+00
4.700711273350985486e+00 2.275351327806413249e+00
5.133142923063755525e+00 2.405028034395020775e+00
5.047775809292777360e+00 2.306696843003808173e+00
5.217495051649208904e+00 2.493497778784652841e+00
5.140658289279564030e+00 2.269820663629799729e+00
5.319520034499676697e+00 2.677143818148083110e+00
5.410615198896225664e+00 2.703445217848423177e+00
5.550270470515684451e+00 2.804122547688810752e+00
5.360092732885108902e+00 2.741146330822942900e+00
5.943945671562441468e+00 2.901599098160212442e+00
5.656660831429726422e+00 3.033780396196714690e+00
5.748481407221369466e+00 3.235364069215335370e+00
5.881807496499108723e+00 3.107537735120005529e+00
6.026375005850616695e+00 3.274845451572580668e+00
5.873426496623488369e+00 3.587135035867117683e+00
5.906230732758263713e+00 3.690620277276453365e+00
6.065070865613590101e+00 3.890873638639005261e+00
6.035563127255742621e+00 3.853149502445058161e+00
6.125019835422785164e+00 3.909936949084050095e+00
5.043709622580668572e+00 3.967289586136579782e+00
4.997033229769241025e+00 4.239070502023091436e+00
5.041087439875070686e+00 4.018069202242376292e+00
4.969402142533899891e+00 4.115209190310777920e+00
4.991075235218191963e+00 4.252039208858071184e+00
4.895426808198413582e+00 4.309461647553454178e+00
4.866185052583349879e+00 4.405444133347245383e+00
4.916759018912501666e+00 4.464200048853681935e+00
4.728459165434040656e+00 4.429182685138383313e+00
4.724962239878267134e+00 4.695260386014348697e+00
4.862794021494538654e+00 4.557825702946409763e+00
4.850947034471264629e+00 4.701928387576615798e+00
4.841220521978599756e+00 4.622143892085230910e+00
4.687403107418032455e+00 4.670027509819688838e+00
4.655357278371566210e+00 4.824178529959175066e+00
4.546744327546417885e+00 4.693616910882360216e+00
4.448520237995327697e+00 4.921169277663487662e+00
4.464779429819272671e+00 4.869893268118460128e+00
4.327367007693618817e+00 4.984742921298032314e+00
4.281261221012194085e+00 4.831388518601464455e+00
4.382873327125018648e+00 4.950074670726035464e+00
4.309937106842323118e+00 4.930156626711194257e+00
4.162115352109412747e+00 4.976711730117111543e+00
4.094019612404178332e+00 5.052964350679034489e+00
3.903931476970573744e+00 5.001269444229582639e+00
3.963469466669588215e+00 4.925849263297673808e+00
3.949568838772546275e+00 4.815550780200021030e+00
3.782367568081855591e+00 5.140327181684831714e+00
3.881899483190351052e+00 5.031464478041815624e+00
3.614161885117284090e+00 5.076367849131159460e+00
3.755560599770288999e+00 4.908816232062803486e+00
3.629871746852930681e+00 4.781437952273051906e+00
3.453463028881720298e+00 4.809559712069325421e+00
3.311232191929012636e+00 4.791108725079146424e+00
3.510465000394701551e+00 4.876866969984822830e+00
3.384729420528273636e+00 4.870841303041033576e+00
3.380610617694084219e+00 4.736335435766833690e+00
3.404140618141359820e+00 4.674815023710793938e+00
3.304697998454347641e+00 4.481320724422201529e+00
3.299326947354142447e+00 4.702047057804955799e+00
3.196672666498316939e+00 4.403611324726944609e+00
3.058938976166337476e+00 4.469534395421100648e+00
3.063471341082976362e+00 4.605580746959643257e+00
3.090209746971415150e+00 4.659139182159143466e+00
3.031634995465528171e+00 4.381159563677686997e+00
2.862144170204281579e+00 4.208777502007949423e+00
3.146774171683151433e+00 4.204824608762922189e+00
3.119299039824916964e+00 3.977142838050709450e+00
3.176385967216572404e+00 3.999907792263058148e+00
3.156338183944498610e+00 3.930387489321636174e+00
2.931363987793318859e+00 3.969440671837780155e+00
3.214087063001609401e+00 3.764732895592296735e+00
3.066041253732076033e+00 3.705706103284369668e+00
2.933265991909770776e+00 3.528069236305514167e+00
2.959021392294215680e+00 3.715884248370607157e+00
3.248730595786407438e+00 3.556206657419305195e+00
3.038745213185776173e+00 3.546058368645845338e+00
2.963370640286581814e+00 3.544675699531945501e+00
3.169792579216206718e+00 3.471815256023120355e+00
3.084144282432999873e+00 3.393148770854549579e+00
3.183063729829834987e+00 3.383643181885101381e+00
3.265690045517739115e+00 3.280315643753640487e+00
3.126554447427323247e+00 3.226096675575467199e+00
3.441931361949652324e+00 3.385256131812240277e+00
3.251249829642705702e+00 3.331990263452112799e+00
3.598863439462712144e+00 3.298085544099003119e+00
3.569352876102908745e+00 3.257258399026732310e+00
3.495363978294546481e+00 3.180743431431314772e+00
3.715552199213322471e+00 3.153423765898644593e+00
3.741220894864985436e+00 3.097566772627757814e+00
3.796787631611018288e+00 3.140103327460937788e+00
3.592445300743166481e+00 3.027195429757192802e+00
3.690760824589398581e+00 3.165601752711186379e+00
3.844271137133070226e+00 3.008777942069764677e+00
4.086896296980775389e+00 3.122406314153011397e+00
4.158396602109414530e+00 2.953494920235760102e+00
4.275891040598902570e+00 2.977050651968776940e+00
4.148084495592018861e+00 3.080283420426183749e+00
4.245322118373500153e+00 3.169366365013932096e+00
4.232978834418049452e+00 2.973003823401339840e+00
4.521469811660750793e+00 2.997591839888827270e+00
4.296060388442611178e+00 3.172577559872909791e+00
4.481777109855659802e+00 3.204529207349841258e+00
4.487165476659684238e+00 3.006108119367838061e+00
4.459018571363527528e+00 3.206302840704037038e+00
4.462425412791221291e+00 3.289876472306326516e+00
4.581250769439447978e+00 3.183611502701326756e+00
4.632619547494840617e+00 3.287808836182379402e+00
4.664744724504833684e+00 3.393581321521490057e+00
4.743320856772879957e+00 3.373318483130189005e+00
4.604749241374388902e+00 3.420875854704385599e+00
4.999919789729879938e+00 3.543032798913877457e+00
4.808216550062307526e+00 3.371282842277223413e+00
4.881322511926584617e+00 3.569652154539478595e+00
5.048347361167929925e+00 3.633276920258804221e+00
5.186423741271411814e+00 3.723206116582190806e+00
4.920715768256287426e+00 3.815015855741443751e+00
5.121214545610473401e+00 3.725105153423191151e+00
4.948744788915105275e+00 3.960748356770106948e+00
4.856859589982266634e+00 4.004394838269533352e+00
1.015668033845822826e+01 2.679534660187109577e-02
9.987894633722719462e+00 1.176791527821066941e-01
1.007844507957592306e+01 3.746958112720766843e-01
1.001289818655080310e+01 5.325640964002025246e-01
9.869165587076397017e+00 6.677165357817725910e-01
9.824819423216714753e+00 5.056888122844998001e-01
9.833821521945202093e+00 6.129659731846570647e-01
9.738233962107745612e+00 6.867108829147852145e-01
9.593317353190091268e+00 9.565999101127663495e-01
9.868874910288475633e+00 1.105442153801328597e+00
9.826565755967589411e+00 9.351922735034029488e-01
9.422123733016542602e+00 1.362629435419315582e+00
9.526137523907216575e+00 1.393697946629099071e+00
9.443086413278434676e+00 1.366866710372495852e+00
9.289980959008826034e+00 1.574412385233726175e+00
9.164109294636515912e+00 1.614878001832541488e+00
9.074577591788154152e+00 1.813653936795496913e+00
8.924799290024889586e+00 1.745269182491147486e+00
8.952904398635702421e+00 1.809021721861759913e+00
8.666261215012539765e+00 1.977941186131252804e+00
8.582484706855142420e+00 1.948492606510108027e+00
8.483199425886025935e+00 1.953019620625263464e+00
8.306036264214451847e+00 1.981515703246031990e+00
7.984701149037771728e+00 1.796576391801619099e+00
7.993596762529073807e+00 1.975959328368142920e+00
7.934778510461576673e+00 1.998522698625893712e+00
7.809138472362741723e+00 1.838580261880044642e+00
7.581300830600258500e+00 1.763607142819064943e+00
7.429470712897206397e+00 1.995399007636095678e+00
7.568179676801248590e+00 1.934735515938432959e+00
7.400591936625003697e+00 1.858873954776886439e+00
7.313861800182257511e+00 1.829294509624853182e+00
7.234589969966460643e+00 1.844574238424268042e+00
6.983579477597841034e+00 1.855347599482148446e+00
6.884121130049487114e+00 1.694398259521763705e+00
6.846680328893287815e+00 1.557483322360849964e+00
6.819727675315573556e+00 1.477778915191805043e+00
6.503639778110112957e+00 1.414735645231570915e+00
6.559833569697897993e+00 1.471046163949234709e+00
6.333084411263109281e+00 1.376543356421444431e+00
6.384351789749286077e+00 1.172774605564833816e+00
6.339175294383713855e+00 1.044394885714189813e+00
6.179271072727258840e+00 8.306293921029254124e-01
6.173971975303173210e+00 6.138306627441570962e-01
6.164223533917968290e+00 6.354908135132946168e-01
6.109362958293869994e+00 7.302268324284553191e-01
6.042381016179666275e+00 4.190891217397295643e-01
6.011665246632277082e+00 2.804382723837500202e-01
5.985416396982955689e+00 1.687317239788876100e-01
6.093335776648301838e+00 2.141750344794652455e-02
6.030957872474862036e+00 -1.642435559093826658e-01
5.986298691533087357e+00 2.734726371875462192e-02
6.194708154884572160e+00 -3.776304839374753364e-01
6.089394311181298036e+00 -3.537540615695153878e-01
6.091832485977692002e+00 -3.810687889944751605e-01
6.156215130826403481e+00 -7.827453770175480940e-01
6.098254815369174686e+00 -8.348943740966663363e-01
6.186804507154497479e+00 -1.038719242802114806e+00
6.284699145007930809e+00 -9.923949588302892755e-01
6.501735204687212111e+00 -1.115957923002905305e+00
6.393203705508831547e+00 -1.332632627967543115e+00
6.589402571303130784e+00 -1.431379989040631351e+00
6.581685446382996574e+00 -1.441480969005651813e+00
6.658101167645524399e+00 -1.535055678049519923e+00
6.716018087454467711e+00 -1.550759553405566038e+00
6.685991942207998306e+00 -1.719108422785956325e+00
6.997247941196180321e+00 -1.665347142870664099e+00
6.938212323744821219e+00 -1.811520003916454513e+00
7.117699827972296944e+00 -1.906071850681613444e+00
7.485873603840416557e+00 -1.934727821178940266e+00
7.538378662160447163e+00 -1.953370958173852534e+00
7.509906762318540707e+00 -2.007310880737239955e+00
7.482215180497002294e+00 -1.917796528773121567e+00
7.952074712639933374e+00 -2.000462987659240799e+00
8.098666507933883096e+00 -1.936526006933781296e+00
8.122033508255739775e+00 -2.100236659888386814e+00
8.280376165857912696e+00 -1.994326593442663720e+00
8.273484520598486824e+00 -1.898691825915352016e+00
8.495239697889964248e+00 -1.879214392558019364e+00
8.518623892859647384e+00 -1.824053173120529836e+00
8.587479166204968095e+00 -1.861382091000955308e+00
8.828597184024408406e+00 -1.807063771761241444e+00
8.879821405612323915e+00 -1.922612243100278118e+00
9.114418303711977032e+00 -1.608125640704922032e+00
9.159628196682271906e+00 -1.628428968521965059e+00
9.192761197186646527e+00 -1.581258560248502754e+00
9.286856108872134641e+00 -1.457113873620161426e+00
9.627249313199595093e+00 -1.572767122006924145e+00
9.676339835791575084e+00 -1.352316813698037912e+00
9.508736920266240844e+00 -1.254479932970933076e+00
9.637931733481668317e+00 -1.171170328822618734e+00
9.685300765828515068e+00 -1.097042121035956441e+00
9.834177912019768542e+00 -8.360412120757794163e-01
9.840979689111842177e+00 -8.072898525667340230e-01
9.937553904139546646e+00 -3.656383928039823039e-01
9.866155945566870145e+00 -3.136814657522766225e-01
9.973494690967889653e+00 -6.043120770351564364e-01
1.006205175134772922e+01 -2.754300568506855007e-01
9.907110680406221448e+00 -1.322195782541663589e-01
9.924020397569641716e+00 3.653529657657472729e-02
9.081588511476359926e+00 8.719053016197603201e-02
8.955202918260710021e+00 2.099624630054025554e-01
8.774508969948037418e+00 2.926072869414211297e-01
8.866177387270074206e+00 2.752744271994699288e-01
9.078228002418027742e+00 6.933562488293149029e-02
9.171564250903507798e+00 3.250312244208817258e-01
8.929574850697193256e+00 3.725094194346992849e-01
8.748627982962426941e+00 2.409844456960459624e-01
8.831169568907689893e+00 5.560632157368387007e-01
8.688710819006114860e+00 3.992435007751892750e-01
8.793055702663799877e+00 7.280223035111356156e-01
8.759045360368402200e+00 5.080160977941289291e-01
8.557456738122345641e+00 6.688271932560093669e-01
8.595856774941289302e+00 6.739668644191720848e-01
8.597747791725439015e+00 8.076241401794725938e-01
8.494582255274112370e+00 8.400059013569547428e-01
8.417066536545640076e+00 9.262885064217751818e-01
8.453389734188249349e+00 8.426134409748216036e-01
8.462228323095017046e+00 9.730500611313916970e-01
8.368822523195376561e+00 9.236573581815996636e-01
8.140297088657984403e+00 8.074405759288383333e-01
8.234882188734209407e+00 9.611516822071660693e-01
8.130257212725290117e+00 1.041119661881622305e+00
8.067398645315270400e+00 1.079825956531224485e+00
8.057363055153290432e+00 1.064739441209970217e+00
7.846011958345965986e+00 1.036732784100759197e+00
7.956038156107571702e+00 9.600756273946481345e-01
7.752193606626063271e+00 9.412636305107483503e-01
8.054272935796047861e+00 8.220518837226612474e-01
7.823789124345076118e+00 9.294383920453122006e-01
7.503478046136113022e+00 1.014803664880622458e+00
7.607755658726182091e+00 9.160611711318281669e-01
7.577884158702698159e+00 8.961186677424375358e-01
7.589167196314946295e+00 9.413911799818885928e-01
7.459123246210690006e+00 8.839870594211698407e-01
7.286277463944812460e+00 9.006234739688997459e-01
7.298847844490852665e+00 8.891022545438906910e-01
7.443424234074282886e+00 5.746365812067604217e-01
7.275627246942217852e+00 7.423723545846770966e-01
7.369977494246366945e+00 7.032498872711856475e-01
7.104086776899732669e+00 4.708217679093604779e-01
7.135343299487595381e+00 7.128634788880739981e-01
7.243369954248369602e+00 4.573743219465694620e-01
7.319021045168982553e+00 3.240006533076337236e-01
7.127432726553514009e+00 4.297853707523308642e-01
7.182603490684530634e+00 3.929215389526060642e-01
6.940026078729228942e+00 2.220104446900183770e-01
7.169105276913396274e+00 3.435692227111906139e-01
7.046193437128452253e+00 8.012851416570337948e-02
6.975083419148342401e+00 -6.663058367130098025e-02
6.938383685438635595e+00 1.927944961346159114e-01
6.968079878022254370e+00 -7.011624257552624695e-02
6.881938739311789455e+00 -5.911713219089116678e-02
6.974468095489801733e+00 -3.098222777232045311e-01
6.946828028011526435e+00 -3.253697657180733560e-01
7.070889555599935150e+00 -3.982079697814816521e-01
7.073843645794968715e+00 -4.413621772235279406e-01
7.141402128874787536e+00 -4.377065362206054577e-01
7.136716662259363630e+00 -6.122907899480569682e-01
7.201667196312434349e+00 -5.672359025180551129e-01
7.367201048733517332e+00 -6.861383381908530144e-01
7.183808398918312577e+00 -6.244035672723811103e-01
7.252510523266983533e+00 -6.877765353292591977e-01
7.441534205610627062e+00 -7.608165031084029861e-01
7.340951466958687277e+00 -8.789083994016672063e-01
7.323805979091364549e+00 -6.370201887202890934e-01
7.520231238637233417e+00 -9.135733553077646230e-01
7.543727084464344479e+00 -8.609768597830231851e-01
7.732854864139595108e+00 -9.686520582599325024e-01
7.674459375796482519e+00 -8.673371465523993518e-01
7.725804096529792275e+00 -7.918301807847075713e-01
7.965597420472653845e+00 -9.893769934345854056e-01
7.720774294582834152e+00 -1.053144068494138885e+00
7.668413533701717633e+00 -8.590881858132864979e-01
8.039132074491151414e+00 -8.571488041453917406e-01
8.061601778298870258e+00 -1.133250846267987555e+00
8.156114815185288691e+00 -1.022735688322299774e+00
8.260310956584451247e+00 -8.376008333407154449e-01
8.217870924495576546e+00 -1.017809995804313861e+00
8.129698874195923963e+00 -9.520479582736040003e-01
8.399094499645267220e+00 -1.122405273329066144e+00
8.418561917762959368e+00 -1.049699644675434751e+00
8.536433840512946958e+00 -7.026196464902428884e-01
8.641313045210903709e+00 -9.379300960066890847e-01
8.564659095459564497e+00 -6.278846677835957513e-01
8.771297304961510832e+00 -9.601910772973819563e-01
8.610367465502138273e+00 -9.850932409048902549e-01
8.590622984941292728e+00 -4.749501638388186620e-01
8.827935177202762773e+00 -6.540190803464368541e-01
8.590350945344727762e+00 -7.714878787492975842e-01
8.961842306730721575e+00 -3.873654814390141699e-01
8.695769274367698642e+00 -6.021267562215936175e-01
8.965786298534004217e+00 -3.154910779909808061e-01
8.941116626056498262e+00 -2.879397285871859169e-01
8.984900879316210620e+00 -4.404728705275684497e-01
8.980624048082248123e+00 -2.521342367724189182e-01
9.043362158060824996e+00 -2.559410425526963406e-01
8.958775300648046169e+00 1.478603125789490491e-02
8.881085758674178265e+00 -1.878114671313390882e-01
9.161724718383727151e+00 1.023676361399396828e-01
