1.279077849921707699e+00 1.577113564135596890e+00
4.692520869062541955e-01 1.893232609326443328e+00
3.640473258271717527e-02 4.034252157318038989e-01
7.520231238637233417e+00 -9.135733553077646230e-01
6.741945753736962033e-01 -2.010663200507201598e+00
-1.809831105900245207e+00 -2.363891303214724626e-01
7.543727084464344479e+00 -8.609768597830231851e-01
8.054272935796047861e+00 8.220518837226612474e-01
-6.304545006973889809e-02 -2.932144696593689814e-01
-3.313879094363790800e-01 -2.192686259420924266e-02
1.978089992763335969e+00 2.022461869525563616e-01
1.833618696729677700e+00 -9.610348307566296544e-01
-5.443432391930526082e-01 -1.914105333260055053e+00
-7.951452239483178808e-01 1.648688631932428983e+00
6.975083419148342401e+00 -6.663058367130098025e-02
-3.735104567733039949e-02 -1.415261970949147075e-01
5.734181723291740695e+00 5.159670459856338098e+00
4.323558274784770616e-01 -1.999412621839940174e+00
-4.195455158878511059e-02 -3.265662526989102088e-02
3.465412437009670388e+00 5.924518992418293273e+00
-1.688223725477394410e+00 9.254376037153322354e-01
3.260975915482525078e+00 2.136244177372320419e+00
-1.029771588643395297e-01 -1.960581780103340277e+00
-9.103251252998356691e-02 3.130937077566878779e-01
-1.344256577168450595e-01 -2.688749604699416929e-02
-4.473999818474034829e-01 2.064536350686509980e+00
9.161724718383727151e+00 1.023676361399396828e-01
7.503478046136113022e+00 1.014803664880622458e+00
7.127432726553514009e+00 4.297853707523308642e-01
1.021983139044349426e-01 1.139392381311408742e-01
1.100999933865754121e+00 1.674655901193635055e+00
6.938383685438635595e+00 1.927944961346159114e-01
-1.069460913083221332e+00 -1.732394544419167737e+00
1.953724006618041020e+00 2.824614287352005260e-01
5.656660831429726422e+00 3.033780396196714690e+00
8.590350945344727762e+00 -7.714878787492975842e-01
-7.238592010516052833e-01 -1.885673313463356093e+00
8.610367465502138273e+00 -9.850932409048902549e-01
-7.345770110296320765e-02 1.651471408974025668e-02
3.452201470150606077e+00 2.155219673125552848e+00
2.676794105866049933e-01 1.296840244785689156e-01
1.091521729566569787e+00 -1.809430191952338562e+00
-6.890915748377605954e-02 1.823816352439932009e-01
2.810220629043945761e-01 3.302653336464828060e-02
2.529101169928975601e+00 2.556647151600884627e+00
8.129698874195923963e+00 -9.520479582736040003e-01
-3.022789631995622672e-01 6.531933139395089405e-02
3.312007588729422997e-02 -1.922139945122837423e-01
-2.155539855872669330e-02 -3.144154589683267886e-01
2.241589440560869839e+00 5.090658074246833920e+00
8.759045360368402200e+00 5.080160977941289291e-01
1.210061733729507205e-01 3.473253257677918482e-01
8.564659095459564497e+00 -6.278846677835957513e-01
7.823789124345076118e+00 9.294383920453122006e-01
2.112093699498032717e-01 2.332758468429688703e-01
-7.626668047542507767e-02 1.302331635383051078e-01
8.688710819006114860e+00 3.992435007751892750e-01
4.686007921695936496e+00 5.761794683309075182e+00
5.047775809292777360e+00 2.306696843003808173e+00
7.286277463944812460e+00 9.006234739688997459e-01
-1.282736056778253086e-01 1.027977959485188719e-01
8.827935177202762773e+00 -6.540190803464368541e-01
-2.047767821445815706e+00 -6.034490869205133556e-01
-1.973500588624579999e+00 1.648385067455339914e-01
-3.823875936440476186e-01 -3.338184384137778127e-02
-2.018436303981620661e+00 -6.212273933167199447e-01
7.182603490684530634e+00 3.929215389526060642e-01
4.555140578350727054e+00 5.916714768195062035e+00
1.958681289967524330e+00 7.957862090191993865e-01
1.898442299814398826e+00 -5.801278054692903252e-01
8.217870924495576546e+00 -1.017809995804313861e+00
7.720774294582834152e+00 -1.053144068494138885e+00
1.857054141884811604e-01 -4.340327290237512570e-03
2.677929029070275746e+00 5.262033712783098949e+00
2.050844513465714503e+00 4.551882906762381609e+00
2.470125356460058264e+00 2.437150821689198388e+00
2.949334987270723740e+00 2.331341281327305115e+00
1.263072530395120963e-01 2.497276747668994989e-01
4.612783650751998699e-01 1.792629559708289522e+00
-2.101475986235864235e-01 8.457742334287997321e-03
5.140658289279564030e+00 2.269820663629799729e+00
4.081282999703986114e+00 6.068041314382945473e+00
-2.051544091427344174e-01 1.090474467996153107e-01
-1.502709142703250844e+00 1.085944561148751486e+00
2.183251980359068867e-02 1.217096777460833779e-01
6.065070865613590101e+00 3.890873638639005261e+00
7.459123246210690006e+00 8.839870594211698407e-01
5.410615198896225664e+00 2.703445217848423177e+00
-1.466497012780295206e+00 -1.335183401547051840e+00
-3.254356375315998195e-01 -1.499967432952496460e-01
2.072658601786682153e-01 -6.338421507519280407e-02
4.989708922852557293e+00 5.702710046476465955e+00
8.234882188734209407e+00 9.611516822071660693e-01
6.055683365310666311e+00 4.125279021952992231e+00
6.974468095489801733e+00 -3.098222777232045311e-01
2.166757037832492738e+00 4.393297290703818803e+00
7.135343299487595381e+00 7.128634788880739981e-01
7.046193437128452253e+00 8.012851416570337948e-02
9.032193409874691992e-02 -3.117791586418440231e-01
5.666220334503718981e+00 4.259644569023586236e+00
3.119299039824916964e+00 3.977142838050709450e+00
7.117699827972296944e+00 -1.906071850681613444e+00
4.916759018912501666e+00 4.464200048853681935e+00
3.311232191929012636e+00 4.791108725079146424e+00
9.508736920266240844e+00 -1.254479932970933076e+00
4.459018571363527528e+00 3.206302840704037038e+00
9.866155945566870145e+00 -3.136814657522766225e-01
1.959619389779538867e-01 1.070163910885811864e+00
-1.850351256925308885e-02 -9.910619885038171040e-01
3.844271137133070226e+00 3.008777942069764677e+00
-3.361279240301075222e-02 -8.406970847955984594e-01
6.884121130049487114e+00 1.694398259521763705e+00
1.089305607136328014e-01 7.732715403896343043e-01
6.164223533917968290e+00 6.354908135132946168e-01
4.664744724504833684e+00 3.393581321521490057e+00
-6.940912354134217699e-01 -3.570225804763093036e-01
6.091832485977692002e+00 -3.810687889944751605e-01
-3.258886637356068205e-01 -8.151454320715617596e-01
3.016132489776068293e-01 -7.968162051258070866e-01
4.245322118373500153e+00 3.169366365013932096e+00
8.828597184024408406e+00 -1.807063771761241444e+00
8.122033508255739775e+00 -2.100236659888386814e+00
6.503639778110112957e+00 1.414735645231570915e+00
3.126554447427323247e+00 3.226096675575467199e+00
3.592445300743166481e+00 3.027195429757192802e+00
9.164109294636515912e+00 1.614878001832541488e+00
7.400591936625003697e+00 1.858873954776886439e+00
7.536619486024868086e-01 5.085228591414201471e-01
-7.246622839050269604e-01 7.896620034486350193e-01
8.666261215012539765e+00 1.977941186131252804e+00
-6.040399024395921579e-01 6.993323892013846299e-01
4.327367007693618817e+00 4.984742921298032314e+00
7.582469106385426594e-01 -6.378805883609183214e-01
4.481777109855659802e+00 3.204529207349841258e+00
8.430968315117474132e-01 -7.043024907226465015e-01
9.592209377056305497e-01 3.478385994984674046e-01
3.156338183944498610e+00 3.930387489321636174e+00
3.741220894864985436e+00 3.097566772627757814e+00
9.833821521945202093e+00 6.129659731846570647e-01
9.903675436258784215e-01 8.806895636178549425e-02
5.186423741271411814e+00 3.723206116582190806e+00
4.920715768256287426e+00 3.815015855741443751e+00
7.485873603840416557e+00 -1.934727821178940266e+00
9.834177912019768542e+00 -8.360412120757794163e-01
3.066041253732076033e+00 3.705706103284369668e+00
4.462425412791221291e+00 3.289876472306326516e+00
-5.106689328436839204e-02 1.011248716876463893e+00
-3.752751163569706394e-01 -1.030827200507427044e+00
4.521469811660750793e+00 2.997591839888827270e+00
3.910041997340770736e-01 -8.884227383125599120e-01
8.587479166204968095e+00 -1.861382091000955308e+00
6.938212323744821219e+00 -1.811520003916454513e+00
8.879821405612323915e+00 -1.922612243100278118e+00
4.808216550062307526e+00 3.371282842277223413e+00
3.214087063001609401e+00 3.764732895592296735e+00
5.986298691533087357e+00 2.734726371875462192e-02
-1.004332171963885800e+00 -3.565777949133162594e-01
-6.384419684126398931e-01 -5.648525394725021354e-01
4.162115352109412747e+00 4.976711730117111543e+00
6.109362958293869994e+00 7.302268324284553191e-01
9.627249313199595093e+00 -1.572767122006924145e+00
8.234130675193566118e-01 -7.767386447657885773e-01
-8.626203080681750512e-02 1.040502184794800833e+00
9.937553904139546646e+00 -3.656383928039823039e-01
6.093335776648301838e+00 2.141750344794652455e-02
4.969402142533899891e+00 4.115209190310777920e+00
5.043709622580668572e+00 3.967289586136579782e+00
4.086896296980775389e+00 3.122406314153011397e+00
2.862144170204281579e+00 4.208777502007949423e+00
-1.006558182015474090e+00 -3.231433902282290771e-02
-9.909700420851025315e-01 -2.017518889147340011e-01
3.614161885117284090e+00 5.076367849131159460e+00
-5.021533523994111681e-01 -8.231621414469345588e-01
5.985416396982955689e+00 1.687317239788876100e-01
-1.026039265633118314e+00 1.430038902201685447e-01
2.933265991909770776e+00 3.528069236305514167e+00
6.635737530637418891e-01 -7.246115727627657765e-01
3.755560599770288999e+00 4.908816232062803486e+00
-8.012438762104208134e-01 -4.811241782949909895e-01
9.676339835791575084e+00 -1.352316813698037912e+00
6.753451197417564833e-01 -3.819657736550761129e-01
-8.429613539891516183e-01 5.768554171447657364e-01
-2.244645756848265838e-01 8.873426278543214973e-01
3.176385967216572404e+00 3.999907792263058148e+00
6.098254815369174686e+00 -8.348943740966663363e-01
7.429470712897206397e+00 1.995399007636095678e+00
4.862794021494538654e+00 4.557825702946409763e+00
8.495239697889964248e+00 -1.879214392558019364e+00
9.266834492984631078e-02 9.319570895140286693e-01
4.881322511926584617e+00 3.569652154539478595e+00
6.186804507154497479e+00 -1.038719242802114806e+00
6.179271072727258840e+00 8.306293921029254124e-01
4.275891040598902570e+00 2.977050651968776940e+00
-8.658745796990958699e-01 6.922784150447718332e-01
-3.538041645785349187e-01 9.177420086780558872e-01
-9.665949521954551038e-01 -5.830006306477737432e-01
3.146774171683151433e+00 4.204824608762922189e+00
-1.138228083941118074e+00 2.241842862583676155e-01
6.479046236472744136e-01 6.433798293899644083e-01
-7.040079154003792139e-01 -6.713518916748740795e-01
