5.043200587244664468e-02 2.317757307046016679e-01
7.865889456329430707e-02 -1.966263464904167257e+00
3.529796004107858209e+00 1.883006600980438039e+00
-6.890915748377605954e-02 1.823816352439932009e-01
-1.786517121717715373e+00 7.318485270887918892e-01
7.589167196314946295e+00 9.413911799818885928e-01
6.974468095489801733e+00 -3.098222777232045311e-01
7.369977494246366945e+00 7.032498872711856475e-01
8.941116626056498262e+00 -2.879397285871859169e-01
-2.216318421563685803e-02 -1.067093745794980841e-02
2.677929029070275746e+00 5.262033712783098949e+00
1.962865262785802090e+00 1.311950505023034008e-01
1.857054141884811604e-01 -4.340327290237512570e-03
4.258648009787392219e+00 5.927679669384172456e+00
2.419439501692296490e-01 2.215682721482857276e-01
5.554209873726750679e+00 5.283551627696924768e+00
2.241589440560869839e+00 5.090658074246833920e+00
2.774443654773339207e-01 -5.669492159997180369e-03
7.720774294582834152e+00 -1.053144068494138885e+00
5.741931516725990114e+00 5.138128099291670026e+00
5.860763077762054074e+00 4.049975252106207790e+00
3.706739509355791551e+00 2.003850648764084585e+00
2.008995942327973794e-01 3.419497715106069591e-01
-2.056115651351376084e+00 -1.004485092216219067e-01
-1.574092922423770080e+00 1.432740134834749934e+00
8.417066536545640076e+00 9.262885064217751818e-01
-1.064736036496579941e-01 3.811408684240019662e-02
7.543727084464344479e+00 -8.609768597830231851e-01
-3.521903171058068938e-02 -1.384079124098805402e-01
8.054272935796047861e+00 8.220518837226612474e-01
-1.651987401546216150e+00 1.427628456976413052e+00
-1.487171321470658891e-01 -3.427610670370103696e-01
2.470125356460058264e+00 2.437150821689198388e+00
1.820998381041569747e+00 -2.087141508911158072e-01
5.213488219893135600e+00 5.394479951443766907e+00
3.750435513388862552e-02 -2.917480953630210982e-01
4.254144378050099262e-01 -1.935967571072132881e-02
2.247839175007417256e-01 1.450456537716412753e-01
7.073843645794968715e+00 -4.413621772235279406e-01
7.264597285250223857e-02 -2.116866985782106081e+00
7.169105276913396274e+00 3.435692227111906139e-01
5.542527751765326194e+00 5.240086995077146703e+00
7.367201048733517332e+00 -6.861383381908530144e-01
-1.973500588624579999e+00 1.648385067455339914e-01
2.050844513465714503e+00 4.551882906762381609e+00
2.200547305027726885e+00 4.855052951595211219e+00
6.968079878022254370e+00 -7.011624257552624695e-02
8.418561917762959368e+00 -1.049699644675434751e+00
7.340951466958687277e+00 -8.789083994016672063e-01
8.234882188734209407e+00 9.611516822071660693e-01
8.057363055153290432e+00 1.064739441209970217e+00
-1.777141154192264649e-02 -3.858184601445135975e-01
-1.655946188601571389e-01 -2.198798146491454664e-01
8.590622984941292728e+00 -4.749501638388186620e-01
2.676794105866049933e-01 1.296840244785689156e-01
6.938383685438635595e+00 1.927944961346159114e-01
4.555597988156240064e+00 6.032807175940884115e+00
-4.493222687716878078e-02 2.175130300410013096e-01
-1.862049436260829971e+00 8.039382389428245679e-01
2.019772477806081046e+00 4.115512167329564264e+00
-7.345770110296320765e-02 1.651471408974025668e-02
8.557456738122345641e+00 6.688271932560093669e-01
7.070889555599935150e+00 -3.982079697814816521e-01
9.161724718383727151e+00 1.023676361399396828e-01
-1.502709142703250844e+00 1.085944561148751486e+00
1.940788998123690767e+00 4.532605990639599902e+00
2.028863089512740636e+00 9.181446207452322872e-01
-2.975184814767452002e-01 -2.045292671232997073e+00
7.503478046136113022e+00 1.014803664880622458e+00
5.610649211790239010e-02 2.087046107033106335e+00
9.766291672377097610e-01 -1.737567496917557852e+00
-6.605055686854093278e-01 1.945843466288906809e+00
-1.356877986000292191e-01 -1.964845986191399441e-01
-1.979783450861742677e+00 -7.097223866513218127e-01
4.244451642657525170e+00 1.982438925250641804e+00
3.839922260763578343e+00 6.145672308471884726e+00
8.759045360368402200e+00 5.080160977941289291e-01
7.046193437128452253e+00 8.012851416570337948e-02
-1.688223725477394410e+00 9.254376037153322354e-01
5.617613905622083514e+00 5.098685925815892084e+00
-1.723922803542835003e-01 7.194504726788351900e-02
8.260310956584451247e+00 -8.376008333407154449e-01
-6.304545006973889809e-02 -2.932144696593689814e-01
4.999174586439605328e+00 5.869428739837928788e+00
4.323558274784770616e-01 -1.999412621839940174e+00
8.595856774941289302e+00 6.739668644191720848e-01
4.364225664297938234e-02 -8.722958927875533452e-02
7.286277463944812460e+00 9.006234739688997459e-01
-1.134010555149729815e-01 1.784481162417686506e-01
6.852990295261332521e-02 5.436192210368738509e-02
-4.611253312177496233e-02 -2.751986536679617013e-01
-1.741055436484295171e+00 4.071980779358189695e-01
1.427030019564529961e-01 -8.709646692819483782e-02
-1.395507615896618425e-02 1.710932151257293088e-01
8.929574850697193256e+00 3.725094194346992849e-01
7.459123246210690006e+00 8.839870594211698407e-01
1.021983139044349426e-01 1.139392381311408742e-01
1.210061733729507205e-01 3.473253257677918482e-01
6.055683365310666311e+00 4.125279021952992231e+00
-2.051544091427344174e-01 1.090474467996153107e-01
3.214087063001609401e+00 3.764732895592296735e+00
2.931363987793318859e+00 3.969440671837780155e+00
3.304697998454347641e+00 4.481320724422201529e+00
7.536619486024868086e-01 5.085228591414201471e-01
-4.567344974931683010e-01 9.781229960828090597e-01
4.546744327546417885e+00 4.693616910882360216e+00
6.179271072727258840e+00 8.306293921029254124e-01
7.952074712639933374e+00 -2.000462987659240799e+00
-5.106689328436839204e-02 1.011248716876463893e+00
7.934778510461576673e+00 1.998522698625893712e+00
4.997033229769241025e+00 4.239070502023091436e+00
6.393203705508831547e+00 -1.332632627967543115e+00
3.690760824589398581e+00 3.165601752711186379e+00
3.598863439462712144e+00 3.298085544099003119e+00
-2.378167505880471322e-01 9.946863211242928937e-01
3.380610617694084219e+00 4.736335435766833690e+00
-9.410674361905038143e-01 5.238308696567517408e-01
6.503639778110112957e+00 1.414735645231570915e+00
3.146774171683151433e+00 4.204824608762922189e+00
5.043709622580668572e+00 3.967289586136579782e+00
6.098254815369174686e+00 -8.348943740966663363e-01
4.148084495592018861e+00 3.080283420426183749e+00
3.058938976166337476e+00 4.469534395421100648e+00
6.766876455200698803e-01 8.350870404971613148e-01
1.015668033845822826e+01 2.679534660187109577e-02
3.183063729829834987e+00 3.383643181885101381e+00
4.232978834418049452e+00 2.973003823401339840e+00
5.878275492996418716e-01 -6.774936501848008996e-01
3.755560599770288999e+00 4.908816232062803486e+00
3.614161885117284090e+00 5.076367849131159460e+00
3.569352876102908745e+00 3.257258399026732310e+00
9.676339835791575084e+00 -1.352316813698037912e+00
3.453463028881720298e+00 4.809559712069325421e+00
3.963469466669588215e+00 4.925849263297673808e+00
9.637931733481668317e+00 -1.171170328822618734e+00
3.156338183944498610e+00 3.930387489321636174e+00
9.937553904139546646e+00 -3.656383928039823039e-01
4.481777109855659802e+00 3.204529207349841258e+00
4.841220521978599756e+00 4.622143892085230910e+00
4.521469811660750793e+00 2.997591839888827270e+00
4.094019612404178332e+00 5.052964350679034489e+00
8.755115073660082459e-01 -7.843249413245910462e-02
5.048347361167929925e+00 3.633276920258804221e+00
-1.006558182015474090e+00 -3.231433902282290771e-02
-7.543131750195035679e-01 -7.654329465391990217e-01
-8.286796073525122264e-01 3.219749395454282737e-02
8.395958032447881081e-01 6.625367895650091654e-01
3.016132489776068293e-01 -7.968162051258070866e-01
9.192761197186646527e+00 -1.581258560248502754e+00
9.164109294636515912e+00 1.614878001832541488e+00
7.482215180497002294e+00 -1.917796528773121567e+00
-1.720446885461231479e-01 -9.260161907513739799e-01
9.593317353190091268e+00 9.565999101127663495e-01
4.448520237995327697e+00 4.921169277663487662e+00
-8.799984502792680408e-01 2.151189517449674515e-01
4.487165476659684238e+00 3.006108119367838061e+00
9.422123733016542602e+00 1.362629435419315582e+00
8.666261215012539765e+00 1.977941186131252804e+00
5.121214545610473401e+00 3.725105153423191151e+00
-2.865415572820205758e-01 9.534752627211030562e-01
9.824819423216714753e+00 5.056888122844998001e-01
9.752422843512342787e-01 -5.694103830281932455e-01
3.629871746852930681e+00 4.781437952273051906e+00
-1.038923423653949518e+00 9.266840868574882650e-02
9.286856108872134641e+00 -1.457113873620161426e+00
6.333084411263109281e+00 1.376543356421444431e+00
-7.246622839050269604e-01 7.896620034486350193e-01
-8.626203080681750512e-02 1.040502184794800833e+00
6.284699145007930809e+00 -9.923949588302892755e-01
-3.752751163569706394e-01 -1.030827200507427044e+00
3.986700313139282525e-01 9.558158043791541436e-01
9.833821521945202093e+00 6.129659731846570647e-01
6.339175294383713855e+00 1.044394885714189813e+00
3.404140618141359820e+00 4.674815023710793938e+00
2.143979600963499266e-01 -1.015536732974426926e+00
9.907110680406221448e+00 -1.322195782541663589e-01
7.920525484629470370e-01 7.670031742333864866e-01
4.743320856772879957e+00 3.373318483130189005e+00
3.176385967216572404e+00 3.999907792263058148e+00
1.089305607136328014e-01 7.732715403896343043e-01
2.959021392294215680e+00 3.715884248370607157e+00
9.074577591788154152e+00 1.813653936795496913e+00
4.604749241374388902e+00 3.420875854704385599e+00
-3.258886637356068205e-01 -8.151454320715617596e-01
3.741220894864985436e+00 3.097566772627757814e+00
9.834177912019768542e+00 -8.360412120757794163e-01
7.581300830600258500e+00 1.763607142819064943e+00
4.245322118373500153e+00 3.169366365013932096e+00
8.483199425886025935e+00 1.953019620625263464e+00
9.289980959008826034e+00 1.574412385233726175e+00
1.056067156652499728e+00 4.028332427142585215e-01
3.510465000394701551e+00 4.876866969984822830e+00
8.952904398635702421e+00 1.809021721861759913e+00
6.589402571303130784e+00 -1.431379989040631351e+00
8.280376165857912696e+00 -1.994326593442663720e+00
6.997247941196180321e+00 -1.665347142870664099e+00
3.949568838772546275e+00 4.815550780200021030e+00
4.462425412791221291e+00 3.289876472306326516e+00
6.093335776648301838e+00 2.141750344794652455e-02
9.235331595585052344e-01 5.151200464456524575e-01
