-1.534778845867754149e-02 -2.132510203558914963e+00
2.453531247626557776e-01 1.498091850088579258e-01
2.046247827942273556e+00 -4.953842309980871494e-01
7.255502924344400029e+00 1.212527900567559325e-01
-1.122174955955516085e-01 -1.874123072102516774e-01
-2.494832986902031924e-01 2.456528885094622083e-01
1.765496929853558328e-01 1.162408480827799018e-01
-1.864496074696282424e+00 6.285560627403667944e-01
-1.650865273605539585e+00 1.321997704394759054e+00
-6.305360394871075691e-01 1.762737162257070445e+00
-5.098380789449478978e-02 2.453109337590245187e-01
-1.579940991027351527e-01 2.854038344954978879e-02
-1.408803560866416227e+00 1.305862940844727982e+00
7.022300247460398381e+00 -2.101022878796631188e-01
8.636144765220500119e+00 -7.022959715365379996e-01
1.794448865110060076e+00 -1.400513098541287915e+00
7.283754185206587906e+00 7.867732330828135501e-01
9.681278332484646310e-01 -1.768950589717088517e+00
8.947657061068593265e+00 -4.796522989837835316e-01
-2.992134702543928770e-01 1.896680770643430325e+00
7.026701974628092984e+00 6.605035448648635121e-01
7.327118785191499839e+00 6.952206511425224056e-01
8.720480048696487074e+00 -6.294724981758491600e-01
6.826272416437414670e+00 -3.598494752107259664e-01
-1.840716157267093145e+00 -6.389056171664713180e-01
9.114165530790344860e+00 8.147067272156340023e-02
7.959012432290953676e+00 -7.687497963860235872e-01
-2.416470607707434382e-01 1.999425275888216252e-02
7.915893659078049538e+00 7.934193621843442790e-01
-2.656132930972041617e-01 8.920570677889060052e-03
1.091502003656013853e-01 -2.121762356647893810e-01
7.747485322179153755e+00 8.429369727371442966e-01
-2.516790174320066020e-01 -2.579617732260429397e-02
9.059394551523489270e+00 -1.601007918767397842e-01
2.587460852958755608e-01 2.173315808161903617e-01
-1.193710865630552398e+00 1.611920856235363964e+00
-2.016609347025677401e+00 -2.846565111716988783e-01
-2.014768738610307253e+00 6.346860924066211052e-02
6.228315975842447783e-01 -2.049120609177773833e+00
7.693283165204065077e-02 3.031166402551081773e-02
7.244402882505482921e+00 -8.616627830395564569e-01
-2.735572148650241564e-01 -1.363485527885169857e-01
8.888980272804428040e+00 6.622783472806024196e-01
8.456606625922816534e+00 9.662157682689035409e-01
1.466518943391280083e-01 -2.800091354214081507e-01
8.517940149033387698e+00 -8.597460977840457597e-01
1.951321188512557536e-01 -1.358256454136318736e-01
8.856568852815328796e+00 4.851060212038539321e-01
-1.445790196660494908e+00 -1.502675958408667301e+00
7.730717103229824971e+00 -1.091670685252151385e+00
3.599101102492968662e-02 -1.099089261916301741e+00
6.489601567963839024e+00 -1.098756780760468121e+00
7.701960684489482567e+00 1.914345922317745918e+00
6.225039546709701277e+00 -9.184000245607487622e-01
9.519512990051813617e+00 -1.531844485817303703e+00
9.511519434953211061e+00 1.522506105357224637e+00
6.901786356300564584e+00 1.629974785991663122e+00
6.674619849239176617e+00 -1.402844851068421050e+00
9.194579857606374418e+00 -1.863950825577500137e+00
-8.977312706158759870e-01 8.109975872886335257e-02
1.037959068239421301e+00 2.204623073474900885e-01
6.968397575692211188e-01 6.046050090824885981e-01
8.083142470077232522e-01 -1.061289038127823797e-01
9.394695024620896007e+00 1.432132797723279616e+00
6.574113155631035710e+00 1.635565410548308396e+00
9.701470530857070784e+00 -6.348515472391699221e-01
5.971033362152026847e+00 -4.820839326694835170e-01
-8.791811751728508817e-01 7.489543355822578796e-01
6.218086170918557087e+00 1.358339050052322694e+00
1.038045474897939258e+01 2.352319343420607167e-01
8.722369151541343513e+00 2.048966539978013479e+00
9.847281662984785910e+00 -9.414555602857364036e-01
9.874591966302341817e+00 1.019933831953845793e+00
-9.241319016334186287e-01 -4.264991279497163390e-01
6.314615259658933333e+00 3.340746564510413408e-02
1.020016639242260759e+01 -1.174172133736477858e-01
2.284667382180940454e-01 -1.046496820629942759e+00
-2.048944050860783683e-01 -8.168391202518526795e-01
9.888799551018582212e-01 4.897565635693852948e-01
-1.057524444744057046e+00 -4.451747352464167640e-01
7.944341761208011832e+00 2.366935349002964539e+00
5.994463080267715682e-01 8.138532487770153701e-01
5.019670410989562903e-01 -7.841935829612612929e-01
1.036870245840999960e+00 -4.551049394204838006e-01
3.157541947780781455e-01 1.092021940997596419e+00
9.026552303071424532e+00 -1.661944032817223915e+00
7.984104217905179546e+00 -1.847878036202462493e+00
9.898364964705189450e+00 -1.531525840365005608e-02
8.570057510817179480e-01 -1.311444022875523155e-02
-5.389545961687458586e-01 -7.356185600167769456e-01
