2.036372491199517576e+00 3.230755729502667734e-02
2.069436698874341118e+00 3.206952860261403360e-01
1.645519769804707266e+00 9.265961426616426966e-01
1.420571769550728725e+00 1.141684208540916678e+00
1.217077585983088017e+00 1.438502751899596754e+00
9.903588178958375732e-01 1.668812362901489488e+00
5.166321629140142591e-01 1.971284385662235072e+00
6.639448593531836751e-02 2.035736232033389825e+00
-2.992134702543928770e-01 1.896680770643430325e+00
-6.305360394871075691e-01 1.762737162257070445e+00
-1.193710865630552398e+00 1.611920856235363964e+00
-1.408803560866416227e+00 1.305862940844727982e+00
-1.650865273605539585e+00 1.321997704394759054e+00
-1.864496074696282424e+00 6.285560627403667944e-01
-2.014768738610307253e+00 6.346860924066211052e-02
-2.016609347025677401e+00 -2.846565111716988783e-01
-1.840716157267093145e+00 -6.389056171664713180e-01
-1.936502907933239648e+00 -1.157958291013894581e+00
-1.445790196660494908e+00 -1.502675958408667301e+00
-1.182603011228715806e+00 -1.553888746376435481e+00
-6.079690479512214196e-01 -1.952069580211366562e+00
-3.326239653941565622e-01 -2.120261367647155115e+00
-1.534778845867754149e-02 -2.132510203558914963e+00
6.228315975842447783e-01 -2.049120609177773833e+00
9.681278332484646310e-01 -1.768950589717088517e+00
1.236110334264862276e+00 -1.502463928545523020e+00
1.794448865110060076e+00 -1.400513098541287915e+00
1.799977617294977073e+00 -8.606625798916834880e-01
2.046247827942273556e+00 -4.953842309980871494e-01
1.841160946939399690e+00 7.473292652928517632e-02
1.136735081139614023e-01 1.070245532310458575e-01
1.415521796033165636e-01 -1.810647949310697363e-02
2.587460852958755608e-01 2.173315808161903617e-01
2.453531247626557776e-01 1.498091850088579258e-01
7.693283165204065077e-02 3.031166402551081773e-02
1.266457422566012458e-01 1.035481903589263730e-01
-1.579940991027351527e-01 2.854038344954978879e-02
-5.098380789449478978e-02 2.453109337590245187e-01
-1.592398141340498618e-01 3.102523008878753097e-01
4.194452857506011934e-03 2.600620975881016150e-01
-2.494832986902031924e-01 2.456528885094622083e-01
-3.836982613809830078e-01 2.111038423714715895e-01
-2.516790174320066020e-01 -2.579617732260429397e-02
-2.714084320459150268e-01 5.479613355849186074e-02
-2.416470607707434382e-01 1.999425275888216252e-02
-2.656132930972041617e-01 8.920570677889060052e-03
-2.379398437663914900e-01 -9.944257374613370282e-02
-9.179402987405750614e-02 -1.124783788451274302e-01
1.805510802200047116e-02 -1.543845106953013468e-01
-2.735572148650241564e-01 -1.363485527885169857e-01
-2.269829258332217714e-03 -2.590472097475740587e-02
-2.078752800271454343e-02 -2.561331028406212962e-01
1.091502003656013853e-01 -2.121762356647893810e-01
-1.122174955955516085e-01 -1.874123072102516774e-01
2.216516764199319423e-02 -3.597767720782358292e-01
1.951321188512557536e-01 -1.358256454136318736e-01
1.466518943391280083e-01 -2.800091354214081507e-01
1.286883803377135149e-01 -7.453402633429391522e-02
2.495371675768354169e-02 -6.511688178326360821e-02
1.765496929853558328e-01 1.162408480827799018e-01
8.083142470077232522e-01 -1.061289038127823797e-01
1.037959068239421301e+00 2.204623073474900885e-01
9.888799551018582212e-01 4.897565635693852948e-01
9.002772444668900587e-01 4.863889401301799698e-01
6.968397575692211188e-01 6.046050090824885981e-01
5.994463080267715682e-01 8.138532487770153701e-01
3.157541947780781455e-01 1.092021940997596419e+00
-2.325167932344659738e-01 1.042048308852460803e+00
-1.348158485658096373e-01 1.006965195546472902e+00
-3.269467450151198884e-01 8.643542986555992069e-01
-7.350507857910651976e-01 9.976522323603110864e-01
-8.791811751728508817e-01 7.489543355822578796e-01
-9.690011557657565167e-01 3.839776674267320056e-01
-9.840032932597637672e-01 2.286910397150406782e-01
-8.977312706158759870e-01 8.109975872886335257e-02
-1.057524444744057046e+00 -4.451747352464167640e-01
-1.008682498729327026e+00 -2.652492010879713979e-01
-9.241319016334186287e-01 -4.264991279497163390e-01
-5.389545961687458586e-01 -7.356185600167769456e-01
-5.743121037099272463e-01 -7.810771998588547094e-01
-2.048944050860783683e-01 -8.168391202518526795e-01
3.599101102492968662e-02 -1.099089261916301741e+00
2.707857294494069034e-03 -1.000305796339673314e+00
2.284667382180940454e-01 -1.046496820629942759e+00
3.785121312860773024e-01 -8.565399835145324214e-01
5.019670410989562903e-01 -7.841935829612612929e-01
8.677264633896906165e-01 -5.928882037483902412e-01
1.036870245840999960e+00 -4.551049394204838006e-01
1.313502266850110178e+00 -1.897948260928107866e-01
8.570057510817179480e-01 -1.311444022875523155e-02
1.038045474897939258e+01 2.352319343420607167e-01
1.030917566314612444e+01 2.398452980911630061e-01
9.895494477245366127e+00 7.164354301111419687e-01
9.874591966302341817e+00 1.019933831953845793e+00
9.511519434953211061e+00 1.522506105357224637e+00
9.754301798111782773e+00 1.334813169300648417e+00
9.394695024620896007e+00 1.432132797723279616e+00
8.884770844940591772e+00 2.097263811778052212e+00
8.722369151541343513e+00 2.048966539978013479e+00
8.233008647187634921e+00 2.127086665727453418e+00
7.944341761208011832e+00 2.366935349002964539e+00
7.701960684489482567e+00 1.914345922317745918e+00
7.038639176438361567e+00 2.062204743840636567e+00
6.901786356300564584e+00 1.629974785991663122e+00
6.574113155631035710e+00 1.635565410548308396e+00
6.218086170918557087e+00 1.358339050052322694e+00
6.468789173448061369e+00 1.322136313735144064e+00
6.295803413452122577e+00 7.971881292270831532e-01
5.937131653455583802e+00 3.137152730753317020e-01
6.314615259658933333e+00 3.340746564510413408e-02
5.871959406413173710e+00 -1.458836861567557597e-01
5.971033362152026847e+00 -4.820839326694835170e-01
6.310448806766685514e+00 -5.939630103577397957e-01
6.225039546709701277e+00 -9.184000245607487622e-01
6.489601567963839024e+00 -1.098756780760468121e+00
6.674619849239176617e+00 -1.402844851068421050e+00
6.924934496738340606e+00 -1.879676902463597310e+00
6.987733914267419522e+00 -2.091115474339306779e+00
7.720656858791974386e+00 -1.887606677595255578e+00
7.984104217905179546e+00 -1.847878036202462493e+00
8.157960599866141749e+00 -2.184068163948195362e+00
8.438410306915788084e+00 -2.147969902208680892e+00
9.026552303071424532e+00 -1.661944032817223915e+00
9.194579857606374418e+00 -1.863950825577500137e+00
9.519512990051813617e+00 -1.531844485817303703e+00
9.991756742971489302e+00 -1.568649345459050437e+00
9.847281662984785910e+00 -9.414555602857364036e-01
9.701470530857070784e+00 -6.348515472391699221e-01
9.898364964705189450e+00 -1.531525840365005608e-02
1.020016639242260759e+01 -1.174172133736477858e-01
9.114165530790344860e+00 8.147067272156340023e-02
8.851708150810511100e+00 8.800435207013670991e-02
8.856568852815328796e+00 4.851060212038539321e-01
8.888980272804428040e+00 6.622783472806024196e-01
8.787840129037000736e+00 7.566914624392153677e-01
8.456606625922816534e+00 9.662157682689035409e-01
8.194337359246679497e+00 1.045945523936503418e+00
7.915893659078049538e+00 7.934193621843442790e-01
7.747485322179153755e+00 8.429369727371442966e-01
7.726990998277030620e+00 8.197621875460061602e-01
7.283754185206587906e+00 7.867732330828135501e-01
7.327118785191499839e+00 6.952206511425224056e-01
7.026701974628092984e+00 6.605035448648635121e-01
7.055027289833867066e+00 3.412891314864253123e-01
7.255502924344400029e+00 1.212527900567559325e-01
6.826272416437414670e+00 -3.598494752107259664e-01
7.022300247460398381e+00 -2.101022878796631188e-01
6.972254401746484476e+00 -5.850300802557241164e-01
7.244402882505482921e+00 -8.616627830395564569e-01
7.449150167331151984e+00 -9.805825333365819629e-01
7.664364801268622962e+00 -1.057218613646465410e+00
7.730717103229824971e+00 -1.091670685252151385e+00
7.959012432290953676e+00 -7.687497963860235872e-01
8.020008404902842614e+00 -8.199581755958340601e-01
8.517940149033387698e+00 -8.597460977840457597e-01
8.636144765220500119e+00 -7.022959715365379996e-01
8.720480048696487074e+00 -6.294724981758491600e-01
8.947657061068593265e+00 -4.796522989837835316e-01
9.059394551523489270e+00 -1.601007918767397842e-01
9.092957145439047650e+00 2.524516742058606142e-02
