1.794448865110060076e+00 -1.400513098541287915e+00
8.456606625922816534e+00 9.662157682689035409e-01
-2.494832986902031924e-01 2.456528885094622083e-01
1.091502003656013853e-01 -2.121762356647893810e-01
1.415521796033165636e-01 -1.810647949310697363e-02
-2.656132930972041617e-01 8.920570677889060052e-03
-1.864496074696282424e+00 6.285560627403667944e-01
7.255502924344400029e+00 1.212527900567559325e-01
7.244402882505482921e+00 -8.616627830395564569e-01
1.951321188512557536e-01 -1.358256454136318736e-01
7.959012432290953676e+00 -7.687497963860235872e-01
2.216516764199319423e-02 -3.597767720782358292e-01
-2.516790174320066020e-01 -2.579617732260429397e-02
9.092957145439047650e+00 2.524516742058606142e-02
-2.269829258332217714e-03 -2.590472097475740587e-02
1.799977617294977073e+00 -8.606625798916834880e-01
6.639448593531836751e-02 2.035736232033389825e+00
2.036372491199517576e+00 3.230755729502667734e-02
-1.579940991027351527e-01 2.854038344954978879e-02
2.069436698874341118e+00 3.206952860261403360e-01
7.664364801268622962e+00 -1.057218613646465410e+00
-9.179402987405750614e-02 -1.124783788451274302e-01
6.826272416437414670e+00 -3.598494752107259664e-01
-1.182603011228715806e+00 -1.553888746376435481e+00
1.841160946939399690e+00 7.473292652928517632e-02
7.747485322179153755e+00 8.429369727371442966e-01
1.286883803377135149e-01 -7.453402633429391522e-02
-3.326239653941565622e-01 -2.120261367647155115e+00
-2.016609347025677401e+00 -2.846565111716988783e-01
7.055027289833867066e+00 3.412891314864253123e-01
8.720480048696487074e+00 -6.294724981758491600e-01
-1.650865273605539585e+00 1.321997704394759054e+00
7.915893659078049538e+00 7.934193621843442790e-01
9.059394551523489270e+00 -1.601007918767397842e-01
1.765496929853558328e-01 1.162408480827799018e-01
8.787840129037000736e+00 7.566914624392153677e-01
9.681278332484646310e-01 -1.768950589717088517e+00
-1.408803560866416227e+00 1.305862940844727982e+00
8.856568852815328796e+00 4.851060212038539321e-01
7.026701974628092984e+00 6.605035448648635121e-01
7.726990998277030620e+00 8.197621875460061602e-01
-1.193710865630552398e+00 1.611920856235363964e+00
-2.416470607707434382e-01 1.999425275888216252e-02
2.495371675768354169e-02 -6.511688178326360821e-02
8.851708150810511100e+00 8.800435207013670991e-02
1.466518943391280083e-01 -2.800091354214081507e-01
7.693283165204065077e-02 3.031166402551081773e-02
1.236110334264862276e+00 -1.502463928545523020e+00
1.217077585983088017e+00 1.438502751899596754e+00
8.636144765220500119e+00 -7.022959715365379996e-01
-1.348158485658096373e-01 1.006965195546472902e+00
3.157541947780781455e-01 1.092021940997596419e+00
-9.690011557657565167e-01 3.839776674267320056e-01
5.971033362152026847e+00 -4.820839326694835170e-01
3.599101102492968662e-02 -1.099089261916301741e+00
6.310448806766685514e+00 -5.939630103577397957e-01
8.884770844940591772e+00 2.097263811778052212e+00
8.438410306915788084e+00 -2.147969902208680892e+00
9.394695024620896007e+00 1.432132797723279616e+00
6.314615259658933333e+00 3.340746564510413408e-02
8.233008647187634921e+00 2.127086665727453418e+00
9.847281662984785910e+00 -9.414555602857364036e-01
8.570057510817179480e-01 -1.311444022875523155e-02
8.157960599866141749e+00 -2.184068163948195362e+00
5.994463080267715682e-01 8.138532487770153701e-01
9.991756742971489302e+00 -1.568649345459050437e+00
-3.269467450151198884e-01 8.643542986555992069e-01
6.225039546709701277e+00 -9.184000245607487622e-01
5.937131653455583802e+00 3.137152730753317020e-01
-7.350507857910651976e-01 9.976522323603110864e-01
-9.840032932597637672e-01 2.286910397150406782e-01
9.898364964705189450e+00 -1.531525840365005608e-02
1.037959068239421301e+00 2.204623073474900885e-01
9.754301798111782773e+00 1.334813169300648417e+00
9.511519434953211061e+00 1.522506105357224637e+00
2.707857294494069034e-03 -1.000305796339673314e+00
7.701960684489482567e+00 1.914345922317745918e+00
1.038045474897939258e+01 2.352319343420607167e-01
-2.325167932344659738e-01 1.042048308852460803e+00
-5.743121037099272463e-01 -7.810771998588547094e-01
6.901786356300564584e+00 1.629974785991663122e+00
1.313502266850110178e+00 -1.897948260928107866e-01
7.984104217905179546e+00 -1.847878036202462493e+00
7.944341761208011832e+00 2.366935349002964539e+00
9.026552303071424532e+00 -1.661944032817223915e+00
7.720656858791974386e+00 -1.887606677595255578e+00
9.701470530857070784e+00 -6.348515472391699221e-01
8.722369151541343513e+00 2.048966539978013479e+00
-5.389545961687458586e-01 -7.356185600167769456e-01
3.785121312860773024e-01 -8.565399835145324214e-01
