-4.093726683442620584e-01 -7.554309580484994679e-01
-9.305876598988116477e-01 4.871348386965597688e-01
-2.699688126859906001e-01 4.915201921166065802e-01
-2.344878763098483532e-01 4.835075942874059729e-01
-7.220674110126765743e-01 -7.300338353665025704e-01
2.150951882984240005e-01 -7.263672961769086500e-01
5.405258052993348050e-01 -4.812883546316071293e-02
-4.923385415697943968e-01 2.568732324410872847e-01
-5.363417250144344450e-01 -6.819176947877091388e-01
2.175305960878938794e-01 1.104426513945103272e+00
-1.127135326187221676e+00 -1.434745894633283336e-01
3.087515791293407030e-01 3.203050451897110351e-01
3.379642912516218067e-01 1.126022067916682801e+00
-1.019882685917565368e+00 2.206497679559547842e-02
-7.144954256837006412e-02 -5.367804054539687675e-01
8.876243565716834816e-01 3.311456658176425635e-03
5.784315722574930874e-01 -1.732624077474465007e-01
2.591814663148871434e-01 5.312807075159973191e-01
-9.674996359979509686e-01 4.232507615788387856e-01
5.123496611739464246e-01 -2.704752124626051968e-01
5.333085803328161401e-01 -2.516814723825702149e-01
-6.810043726437061684e-01 6.798819023187742117e-01
3.513235498439137294e-01 -2.789556440181474306e-01
-5.546656514766594714e-01 1.125694385973713962e-01
6.163611872634300326e-01 9.782039697076542195e-01
-4.650831257787145789e-01 2.516010198510091334e-01
8.726477248743349513e-01 4.999996223934830564e-01
2.589705780499872989e-01 5.094333562792441317e-01
-8.180221880686650016e-03 -4.399173244211699862e-01
-8.559760315393265540e-01 -7.203525929693798124e-01
5.374551252720599637e-01 1.894642278149892833e-01
9.084836191871759059e-01 -5.667189536863153076e-01
-6.583555588379211287e-02 -9.978429265124869607e-01
-4.818506448827309940e-01 7.552432647180144787e-02
-1.387382359123595643e-02 -5.288189277330055393e-01
-5.220376216521871449e-01 -1.561937554538303519e-01
-1.090379118955513704e-01 4.931749434918144548e-01
-8.902249898285694574e-01 6.850607231873659941e-01
6.982058339174656014e-01 3.386550899105143508e-01
-3.260870923257999654e-02 3.580778103622695996e-01
-8.759939718096276806e-01 -6.766689180730196540e-01
3.275610352970507316e-02 -3.819092984739622665e-01
7.451746212876586561e-01 6.804336446489823720e-01
-2.948757632027014797e-01 -1.423229786822977350e-01
9.664494561616303603e-01 -4.626969826726751167e-01
9.548706063799288213e-01 3.911433968949485918e-01
-4.799616314291356156e-01 2.778091726402059924e-02
9.922666624837542249e-02 1.063636937937848526e+00
3.449446803879031576e-01 -8.900023900318805303e-01
-6.656356187220633380e-01 -5.648042092817093796e-01
-5.462052774708077152e-01 1.932969768398584420e-01
8.946628382738345264e-01 6.054041739804496558e-01
4.280232750627546157e-01 3.160850674449642850e-01
-3.329912722836064209e-01 -9.093825965262086752e-02
-2.537117021543936479e-01 5.600610909884098376e-01
1.208352354184902167e+00 1.571178729063439916e-01
3.050440161693097063e-01 -8.926542579145004819e-01
-8.369226845219276401e-01 2.851200179040541682e-01
6.197233580900899375e-01 -8.117540355373592531e-01
-4.279991677177198972e-01 3.907014959543498867e-01
-3.353805180122158003e-01 9.132019291935512539e-01
-5.239823279120206512e-02 -1.174423387133608943e+00
-4.701591059520038307e-01 -6.021589681163244667e-02
4.887761795639470330e-01 -3.865128773589345257e-01
-3.992222951291320987e-01 -8.490663447050554868e-01
6.341798154218134531e-01 -7.115362928401215425e-01
-1.113614840349384849e+00 -4.251196879051130084e-01
-2.483911647516414689e-01 -8.960734028505858983e-01
-1.130997340433849141e+00 2.542757977728644578e-02
1.802766983179301674e-01 3.686207548051510519e-01
5.105582634583936130e-01 -8.991779541590172106e-03
3.341009096191188688e-01 -1.891864377599850044e-02
-2.478961372105982219e-01 5.396404242694025077e-01
3.228863241178466237e-01 -4.868389198655121985e-01
1.005856630414709851e+00 -2.093765826838669686e-01
4.229016900612317387e-01 9.084790146544544087e-02
2.334081203386165482e-01 4.307586172558470761e-01
-4.591195612260088876e-01 7.624494950842569674e-01
-8.445685299993767048e-01 -3.157763734920847609e-01
-4.038393191896864631e-01 -3.221481090767142064e-01
7.014543543953902227e-02 -1.036966474386112669e+00
-4.368444194258830349e-01 -4.516266034094419402e-01
8.658408990632848745e-01 -3.063821468011967974e-01
-8.082626071058534034e-01 6.978179520525339408e-01
-1.950678474312199095e-01 -4.687851994609211759e-01
-2.096699409604625974e-01 -5.526321232468177636e-01
-2.841097618833142158e-01 9.566085537782574866e-01
3.229250754261615008e-01 -3.744231042654299624e-01
-1.921489919557730630e-01 1.192603318238318666e+00
8.891545584464329854e-01 -2.108075108831717337e-01
-6.559735089195571911e-01 -8.530665316839203260e-02
4.781024317211629016e-01 -1.794323337959210507e-01
2.304208463291778086e-01 5.042680891416404521e-01
-1.203649425834367598e-01 4.372890584712296747e-01
5.869475217086604912e-01 -6.884784795427656423e-01
4.060042898070733153e-01 8.181504236814456377e-01
3.579889611984379827e-01 2.468297688375613586e-01
-2.832749083803128287e-01 1.134229639252817501e+00
1.709622419992685716e-01 -5.553411108270478458e-01
6.511721815571681615e-01 7.018357332466834686e-01
