6.341798154218134531e-01 -7.115362928401215425e-01
8.946628382738345264e-01 6.054041739804496558e-01
6.197233580900899375e-01 -8.117540355373592531e-01
-2.841097618833142158e-01 9.566085537782574866e-01
-6.810043726437061684e-01 6.798819023187742117e-01
5.105582634583936130e-01 -8.991779541590172106e-03
-5.462052774708077152e-01 1.932969768398584420e-01
-4.279991677177198972e-01 3.907014959543498867e-01
3.229250754261615008e-01 -3.744231042654299624e-01
5.333085803328161401e-01 -2.516814723825702149e-01
