9.548706063799288213e-01 3.911433968949485918e-01
2.175305960878938794e-01 1.104426513945103272e+00
-8.445685299993767048e-01 -3.157763734920847609e-01
3.050440161693097063e-01 -8.926542579145004819e-01
-8.902249898285694574e-01 6.850607231873659941e-01
-3.260870923257999654e-02 3.580778103622695996e-01
-4.923385415697943968e-01 2.568732324410872847e-01
-4.038393191896864631e-01 -3.221481090767142064e-01
-3.329912722836064209e-01 -9.093825965262086752e-02
5.374551252720599637e-01 1.894642278149892833e-01
