3.449446803879031576e-01 -8.900023900318805303e-01
6.511721815571681615e-01 7.018357332466834686e-01
-4.093726683442620584e-01 -7.554309580484994679e-01
-8.369226845219276401e-01 2.851200179040541682e-01
6.163611872634300326e-01 9.782039697076542195e-01
-2.948757632027014797e-01 -1.423229786822977350e-01
1.709622419992685716e-01 -5.553411108270478458e-01
-2.699688126859906001e-01 4.915201921166065802e-01
-2.537117021543936479e-01 5.600610909884098376e-01
3.513235498439137294e-01 -2.789556440181474306e-01
